484 90
484 125
484 106
484 5
484 90
484 6
484 5
484 3
484 90
484 90
484 90
484 90
484 6
484 125
484 91
484 125
484 125
484 136
484 49
484 24
484 47
484 50
484 122
484 54
484 5
484 19
484 3
484 5
484 19
484 3
484 13
484 24
484 45
484 45
484 106
484 5
484 55
484 108
484 90
484 54
484 4
484 141
484 106
484 5
484 3
484 6
484 106
484 5
484 3
484 6
484 106
484 5
484 3
484 6
484 106
484 5
484 3
484 6
484 106
484 5
484 3
484 6
484 106
484 5
484 3
484 6
484 106
484 5
484 3
484 6
484 106
484 5
484 3
484 6
484 5
484 108
484 90
484 6
484 5
484 45
484 108
484 90
484 3
484 3
484 6
484 91
484 5
484 108
484 90
484 3
484 19
484 6
484 91
484 5
484 3
484 6
484 106
484 5
484 3
484 6
484 5
484 3
484 6
484 106
484 5
484 3
484 6
484 106
484 5
484 3
484 6
484 106
484 5
484 3
484 6
484 106
484 5
484 3
484 6
484 106
484 5
484 3
484 6
484 106
484 5
484 3
484 6
484 106
484 5
484 3
484 6
484 106
484 5
484 3
484 6
484 5
484 3
484 6
484 106
484 5
484 3
484 6
484 5
484 3
484 6
484 106
484 5
484 3
484 6
484 5
484 3
484 6
484 106
484 5
484 3
484 6
484 5
484 3
484 6
484 106
484 5
484 3
484 6
484 5
484 3
484 6
484 106
484 45
484 5
484 3
484 6
484 5
484 3
484 6
484 106
484 5
484 3
484 6
484 106
484 5
484 3
484 6
484 106
484 5
484 3
484 6
484 141
484 4
484 4
484 4
484 4
484 4
484 4
484 4
484 4
484 1
17832 90
17832 125
17832 106
17832 5
17832 90
17832 6
17832 5
17832 3
17832 90
17832 90
17832 90
17832 90
17832 6
17832 125
17832 91
17832 125
17832 125
17832 136
17832 49
17832 24
17832 47
17832 50
17832 122
17832 54
17832 5
17832 19
17832 3
17832 5
17832 19
17832 3
17832 13
17832 45
17832 45
17832 106
17832 5
17832 55
17832 108
17832 90
17832 54
17832 4
17832 141
17832 106
17832 5
17832 3
17832 6
17832 5
17832 108
17832 90
17832 6
17832 5
17832 45
17832 108
17832 90
17832 3
17832 3
17832 6
17832 91
17832 5
17832 108
17832 90
17832 3
17832 19
17832 6
17832 91
17832 5
17832 3
17832 6
17832 106
17832 5
17832 3
17832 6
17832 5
17832 3
17832 6
17832 106
17832 5
17832 3
17832 6
17832 5
17832 3
17832 6
17832 106
17832 5
17832 3
17832 6
17832 5
17832 3
17832 6
17832 106
17832 5
17832 3
17832 6
17832 5
17832 3
17832 6
17832 106
17832 5
17832 3
17832 6
17832 5
17832 3
17832 6
17832 106
17832 5
17832 3
17832 6
17832 5
17832 3
17832 6
17832 106
17832 45
17832 5
17832 3
17832 6
17832 5
17832 108
17832 90
17832 3
17832 19
17832 6
17832 91
17832 5
17832 3
17832 6
17832 106
17832 5
17832 3
17832 6
17832 5
17832 3
17832 6
17832 106
17832 5
17832 3
17832 6
17832 5
17832 3
17832 6
17832 106
17832 5
17832 3
17832 6
17832 5
17832 3
17832 6
17832 106
17832 5
17832 3
17832 6
17832 5
17832 3
17832 6
17832 106
17832 5
17832 3
17832 6
17832 5
17832 3
17832 6
17832 106
17832 5
17832 3
17832 6
17832 5
17832 3
17832 6
17832 106
17832 5
17832 3
17832 6
17832 5
17832 3
17832 6
17832 106
17832 5
17832 3
17832 6
17832 5
17832 3
17832 6
17832 106
17832 5
17832 3
17832 6
17832 5
17832 3
17832 6
17832 106
17832 5
17832 3
17832 6
17832 5
17832 3
17832 6
17832 106
17832 5
17832 3
17832 6
17832 5
17832 3
17832 6
17832 106
17832 5
17832 3
17832 6
17832 5
17832 3
17832 6
17832 106
17832 5
17832 3
17832 6
17832 5
17832 3
17832 6
17832 106
17832 45
17832 5
17832 3
17832 6
17832 5
17832 3
17832 6
17832 106
17832 5
17832 3
17832 6
17832 5
17832 3
17832 6
17832 106
17832 5
17832 3
17832 6
17832 5
17832 3
17832 6
17832 106
17832 5
17832 3
17832 6
17832 5
17832 3
17832 6
17832 141
17832 5
17832 3
17832 6
17832 13
17832 4
17832 4
17832 4
17832 4
17832 4
17832 4
17832 4
17832 4
17832 4
17832 4
17832 4
17832 4
17832 4
17832 4
17832 4
17832 4
17832 4
17832 4
17832 4
17832 4
17832 4
17832 4
17832 4
17832 4
17832 4
17832 1
150 90
150 125
150 106
150 5
150 90
150 6
150 5
150 3
150 90
150 90
150 90
150 90
150 6
150 125
150 91
150 125
150 125
150 136
150 49
150 24
150 47
150 50
150 122
150 54
150 5
150 19
150 3
150 5
150 19
150 3
150 13
150 45
150 45
150 106
150 5
150 55
150 108
150 90
150 141
150 106
150 5
150 3
150 6
150 5
150 108
150 90
150 6
150 5
150 45
150 108
150 90
150 3
150 3
150 6
150 91
150 5
150 108
150 90
150 3
150 19
150 6
150 91
150 5
150 3
150 6
150 106
150 5
150 3
150 6
150 5
150 3
150 6
150 106
150 5
150 3
150 6
150 5
150 3
150 6
150 106
150 5
150 3
150 6
150 5
150 3
150 6
150 106
150 5
150 3
150 6
150 5
150 3
150 6
150 106
150 5
150 3
150 6
150 5
150 3
150 6
150 106
150 5
150 3
150 6
150 5
150 3
150 6
150 106
150 45
150 5
150 3
150 6
150 5
150 3
150 6
150 106
150 5
150 3
150 6
150 5
150 3
150 6
150 106
150 5
150 3
150 6
150 5
150 3
150 6
150 106
150 5
150 3
150 6
150 5
150 3
150 6
150 106
150 5
150 3
150 6
150 5
150 3
150 6
150 106
150 5
150 3
150 6
150 5
150 3
150 6
150 141
150 5
150 3
150 6
150 13
150 4
150 1
159 90
159 125
159 106
159 5
159 90
159 6
159 5
159 3
159 90
159 90
159 90
159 90
159 6
159 125
159 91
159 125
159 125
159 136
159 49
159 24
159 47
159 50
159 122
159 54
159 5
159 19
159 3
159 5
159 19
159 3
159 13
159 45
159 45
159 106
159 5
159 55
159 108
159 90
159 141
159 106
159 5
159 3
159 6
159 5
159 108
159 90
159 6
159 5
159 45
159 108
159 90
159 3
159 3
159 6
159 91
159 5
159 108
159 90
159 3
159 19
159 6
159 91
159 5
159 3
159 6
159 106
159 5
159 3
159 6
159 5
159 3
159 6
159 106
159 5
159 3
159 6
159 5
159 3
159 6
159 106
159 5
159 3
159 6
159 5
159 3
159 6
159 106
159 5
159 3
159 6
159 5
159 3
159 6
159 106
159 5
159 3
159 6
159 5
159 3
159 6
159 106
159 5
159 3
159 6
159 5
159 3
159 6
159 106
159 45
159 5
159 3
159 6
159 5
159 3
159 6
159 106
159 5
159 3
159 6
159 5
159 3
159 6
159 106
159 5
159 3
159 6
159 5
159 3
159 6
159 106
159 5
159 3
159 6
159 5
159 3
159 6
159 106
159 5
159 3
159 6
159 5
159 3
159 6
159 106
159 5
159 3
159 6
159 5
159 3
159 6
159 106
159 5
159 3
159 6
159 5
159 3
159 6
159 141
159 5
159 3
159 6
159 13
159 4
159 1
170 90
170 125
170 106
170 5
170 90
170 6
170 5
170 3
170 90
170 90
170 90
170 90
170 6
170 125
170 91
170 125
170 125
170 136
170 49
170 24
170 47
170 50
170 122
170 54
170 5
170 19
170 3
170 5
170 19
170 3
170 13
170 45
170 45
170 106
170 5
170 55
170 108
170 90
170 141
170 106
170 5
170 3
170 6
170 5
170 108
170 90
170 6
170 5
170 45
170 108
170 90
170 3
170 3
170 6
170 91
170 5
170 108
170 90
170 3
170 19
170 6
170 91
170 5
170 3
170 6
170 106
170 5
170 3
170 6
170 5
170 3
170 6
170 106
170 5
170 3
170 6
170 5
170 3
170 6
170 106
170 5
170 3
170 6
170 5
170 3
170 6
170 106
170 5
170 3
170 6
170 5
170 3
170 6
170 106
170 5
170 3
170 6
170 5
170 3
170 6
170 106
170 5
170 3
170 6
170 5
170 3
170 6
170 106
170 45
170 5
170 3
170 6
170 5
170 3
170 6
170 106
170 5
170 3
170 6
170 5
170 3
170 6
170 106
170 5
170 3
170 6
170 5
170 3
170 6
170 106
170 5
170 3
170 6
170 5
170 3
170 6
170 106
170 5
170 3
170 6
170 5
170 3
170 6
170 106
170 5
170 3
170 6
170 5
170 3
170 6
170 106
170 5
170 3
170 6
170 5
170 3
170 6
170 106
170 5
170 3
170 6
170 5
170 3
170 6
170 141
170 5
170 3
170 6
170 13
170 4
170 1
182 90
182 125
182 106
182 5
182 90
182 6
182 5
182 3
182 90
182 90
182 90
182 90
182 6
182 125
182 91
182 125
182 125
182 136
182 49
182 24
182 47
182 50
182 122
182 54
182 5
182 19
182 3
182 5
182 19
182 3
182 13
182 45
182 45
182 106
182 5
182 55
182 108
182 90
182 141
182 106
182 5
182 3
182 6
182 5
182 108
182 90
182 6
182 5
182 45
182 108
182 90
182 3
182 3
182 6
182 91
182 5
182 108
182 90
182 3
182 19
182 6
182 91
182 5
182 3
182 6
182 106
182 5
182 3
182 6
182 5
182 3
182 6
182 106
182 5
182 3
182 6
182 5
182 3
182 6
182 106
182 5
182 3
182 6
182 5
182 3
182 6
182 106
182 5
182 3
182 6
182 5
182 3
182 6
182 106
182 5
182 3
182 6
182 5
182 3
182 6
182 106
182 5
182 3
182 6
182 5
182 3
182 6
182 106
182 45
182 5
182 3
182 6
182 5
182 3
182 6
182 106
182 5
182 3
182 6
182 5
182 3
182 6
182 106
182 5
182 3
182 6
182 5
182 3
182 6
182 106
182 5
182 3
182 6
182 5
182 3
182 6
182 106
182 5
182 3
182 6
182 5
182 3
182 6
182 106
182 5
182 3
182 6
182 5
182 3
182 6
182 106
182 5
182 3
182 6
182 5
182 3
182 6
182 106
182 5
182 3
182 6
182 5
182 3
182 6
182 106
182 5
182 3
182 6
182 5
182 3
182 6
182 141
182 5
182 3
182 6
182 13
182 4
182 1
193 90
193 125
193 106
193 5
193 90
193 6
193 5
193 3
193 90
193 90
193 90
193 90
193 6
193 125
193 91
193 125
193 125
193 136
193 49
193 24
193 47
193 50
193 122
193 54
193 5
193 19
193 3
193 5
193 19
193 3
193 13
193 45
193 45
193 106
193 5
193 55
193 108
193 90
193 141
193 106
193 5
193 3
193 6
193 5
193 108
193 90
193 6
193 5
193 45
193 108
193 90
193 3
193 3
193 6
193 91
193 5
193 108
193 90
193 3
193 19
193 6
193 91
193 5
193 3
193 6
193 106
193 5
193 3
193 6
193 5
193 3
193 6
193 106
193 5
193 3
193 6
193 5
193 3
193 6
193 106
193 5
193 3
193 6
193 5
193 3
193 6
193 106
193 5
193 3
193 6
193 5
193 3
193 6
193 106
193 5
193 3
193 6
193 5
193 3
193 6
193 106
193 5
193 3
193 6
193 5
193 3
193 6
193 106
193 45
193 5
193 3
193 6
193 5
193 3
193 6
193 106
193 5
193 3
193 6
193 5
193 3
193 6
193 106
193 5
193 3
193 6
193 5
193 3
193 6
193 106
193 5
193 3
193 6
193 5
193 3
193 6
193 106
193 5
193 3
193 6
193 5
193 3
193 6
193 106
193 5
193 3
193 6
193 5
193 3
193 6
193 106
193 5
193 3
193 6
193 5
193 3
193 6
193 106
193 5
193 3
193 6
193 5
193 3
193 6
193 106
193 5
193 3
193 6
193 5
193 3
193 6
193 106
193 5
193 3
193 6
193 5
193 3
193 6
193 141
193 5
193 3
193 6
193 13
193 4
193 1
325 90
325 125
325 106
325 5
325 90
325 6
325 5
325 3
325 90
325 90
325 90
325 90
325 6
325 125
325 91
325 125
325 125
325 136
325 49
325 24
325 47
325 50
325 122
325 54
325 5
325 19
325 3
325 5
325 19
325 3
325 13
325 45
325 45
325 106
325 5
325 55
325 108
325 90
325 141
325 106
325 5
325 3
325 6
325 5
325 108
325 90
325 6
325 5
325 45
325 108
325 90
325 3
325 3
325 6
325 91
325 5
325 108
325 90
325 3
325 19
325 6
325 91
325 5
325 3
325 6
325 106
325 5
325 3
325 6
325 5
325 3
325 6
325 106
325 5
325 3
325 6
325 5
325 3
325 6
325 106
325 5
325 3
325 6
325 5
325 3
325 6
325 106
325 5
325 3
325 6
325 5
325 3
325 6
325 106
325 5
325 3
325 6
325 5
325 3
325 6
325 106
325 5
325 3
325 6
325 5
325 3
325 6
325 106
325 45
325 5
325 3
325 6
325 5
325 3
325 6
325 106
325 5
325 3
325 6
325 5
325 3
325 6
325 106
325 5
325 3
325 6
325 5
325 3
325 6
325 106
325 5
325 3
325 6
325 5
325 3
325 6
325 106
325 5
325 3
325 6
325 5
325 3
325 6
325 106
325 5
325 3
325 6
325 5
325 3
325 6
325 106
325 5
325 3
325 6
325 5
325 3
325 6
325 106
325 5
325 3
325 6
325 5
325 3
325 6
325 106
325 5
325 3
325 6
325 5
325 3
325 6
325 106
325 5
325 3
325 6
325 5
325 3
325 6
325 106
325 5
325 3
325 6
325 5
325 3
325 6
325 106
325 5
325 3
325 6
325 5
325 3
325 6
325 106
325 5
325 3
325 6
325 5
325 3
325 6
325 106
325 5
325 3
325 6
325 5
325 3
325 6
325 106
325 5
325 3
325 6
325 5
325 3
325 6
325 106
325 45
325 5
325 3
325 6
325 5
325 3
325 6
325 106
325 5
325 3
325 6
325 5
325 3
325 6
325 106
325 5
325 3
325 6
325 5
325 3
325 6
325 106
325 5
325 3
325 6
325 5
325 3
325 6
325 106
325 5
325 3
325 6
325 5
325 3
325 6
325 106
325 5
325 3
325 6
325 5
325 3
325 6
325 106
325 5
325 3
325 6
325 5
325 3
325 6
325 106
325 5
325 3
325 6
325 5
325 3
325 6
325 106
325 5
325 3
325 6
325 5
325 3
325 6
325 106
325 5
325 3
325 6
325 5
325 3
325 6
325 106
325 5
325 3
325 6
325 5
325 3
325 6
325 106
325 5
325 3
325 6
325 5
325 3
325 6
325 106
325 45
325 5
325 3
325 6
325 5
325 3
325 6
325 106
325 5
325 3
325 6
325 5
325 3
325 6
325 106
325 5
325 3
325 6
325 5
325 3
325 6
325 106
325 5
325 3
325 6
325 5
325 3
325 6
325 106
325 5
325 3
325 6
325 5
325 3
325 6
325 141
325 106
325 5
325 3
325 6
325 5
325 3
325 6
325 106
325 5
325 3
325 6
325 5
325 3
325 6
325 106
325 5
325 3
325 6
325 5
325 3
325 6
325 141
325 5
325 3
325 6
325 13
325 4
325 1
387 90
387 125
387 106
387 5
387 90
387 6
387 5
387 3
387 90
387 90
387 90
387 90
387 6
387 125
387 91
387 125
387 125
387 136
387 49
387 24
387 47
387 50
387 122
387 54
387 5
387 19
387 3
387 5
387 19
387 3
387 13
387 45
387 45
387 106
387 5
387 55
387 108
387 90
387 141
387 106
387 5
387 3
387 6
387 5
387 108
387 90
387 6
387 5
387 45
387 108
387 90
387 3
387 3
387 6
387 91
387 5
387 108
387 90
387 3
387 19
387 6
387 91
387 5
387 3
387 6
387 106
387 5
387 3
387 6
387 5
387 3
387 6
387 106
387 5
387 3
387 6
387 5
387 3
387 6
387 106
387 5
387 3
387 6
387 5
387 3
387 6
387 106
387 5
387 3
387 6
387 5
387 3
387 6
387 106
387 5
387 3
387 6
387 5
387 3
387 6
387 106
387 5
387 3
387 6
387 5
387 3
387 6
387 106
387 45
387 5
387 3
387 6
387 5
387 3
387 6
387 106
387 5
387 3
387 6
387 5
387 3
387 6
387 106
387 5
387 3
387 6
387 5
387 3
387 6
387 106
387 5
387 3
387 6
387 5
387 3
387 6
387 106
387 5
387 3
387 6
387 5
387 3
387 6
387 106
387 5
387 3
387 6
387 5
387 3
387 6
387 106
387 5
387 3
387 6
387 5
387 3
387 6
387 106
387 5
387 3
387 6
387 5
387 3
387 6
387 106
387 5
387 3
387 6
387 5
387 3
387 6
387 106
387 5
387 3
387 6
387 5
387 3
387 6
387 106
387 5
387 3
387 6
387 5
387 3
387 6
387 106
387 5
387 3
387 6
387 5
387 3
387 6
387 106
387 5
387 3
387 6
387 5
387 3
387 6
387 106
387 5
387 3
387 6
387 5
387 3
387 6
387 106
387 5
387 3
387 6
387 5
387 3
387 6
387 106
387 45
387 5
387 3
387 6
387 5
387 3
387 6
387 106
387 5
387 3
387 6
387 5
387 3
387 6
387 106
387 5
387 3
387 6
387 5
387 3
387 6
387 106
387 5
387 3
387 6
387 5
387 3
387 6
387 106
387 5
387 3
387 6
387 5
387 3
387 6
387 106
387 5
387 3
387 6
387 5
387 3
387 6
387 106
387 5
387 3
387 6
387 5
387 3
387 6
387 106
387 5
387 3
387 6
387 5
387 3
387 6
387 106
387 5
387 3
387 6
387 5
387 3
387 6
387 106
387 5
387 3
387 6
387 5
387 3
387 6
387 106
387 5
387 3
387 6
387 5
387 3
387 6
387 106
387 5
387 3
387 6
387 5
387 3
387 6
387 106
387 5
387 3
387 6
387 5
387 3
387 6
387 106
387 45
387 5
387 3
387 6
387 5
387 3
387 6
387 106
387 5
387 3
387 6
387 5
387 3
387 6
387 106
387 5
387 3
387 6
387 5
387 3
387 6
387 106
387 141
387 106
387 5
387 3
387 6
387 5
387 3
387 6
387 141
387 5
387 3
387 6
387 13
387 4
387 1
738 90
738 125
738 106
738 5
738 90
738 6
738 5
738 3
738 90
738 90
738 90
738 90
738 6
738 125
738 91
738 125
738 125
738 136
738 49
738 24
738 47
738 50
738 122
738 54
738 5
738 19
738 3
738 5
738 19
738 3
738 13
738 24
738 45
738 45
738 106
738 5
738 55
738 108
738 90
738 54
738 4
738 141
738 106
738 106
738 106
738 106
738 106
738 106
738 106
738 106
738 106
738 5
738 3
738 6
738 5
738 108
738 90
738 6
738 5
738 45
738 108
738 90
738 3
738 3
738 6
738 91
738 5
738 108
738 90
738 3
738 19
738 6
738 91
738 5
738 3
738 6
738 106
738 106
738 5
738 3
738 6
738 5
738 3
738 6
738 106
738 106
738 106
738 106
738 106
738 106
738 106
738 5
738 3
738 6
738 5
738 3
738 6
738 106
738 106
738 106
738 106
738 106
738 106
738 106
738 141
738 4
738 4
738 4
738 1
3737 90
3737 125
3737 106
3737 5
3737 90
3737 6
3737 5
3737 3
3737 90
3737 90
3737 90
3737 90
3737 6
3737 125
3737 91
3737 125
3737 125
3737 136
3737 49
3737 24
3737 47
3737 50
3737 122
3737 54
3737 5
3737 19
3737 3
3737 5
3737 19
3737 3
3737 13
3737 45
3737 45
3737 106
3737 5
3737 55
3737 108
3737 90
3737 141
3737 106
3737 5
3737 3
3737 6
3737 5
3737 108
3737 90
3737 6
3737 5
3737 45
3737 108
3737 90
3737 3
3737 3
3737 6
3737 91
3737 5
3737 108
3737 90
3737 3
3737 19
3737 6
3737 91
3737 5
3737 3
3737 6
3737 106
3737 5
3737 3
3737 6
3737 5
3737 3
3737 6
3737 106
3737 5
3737 3
3737 6
3737 5
3737 3
3737 6
3737 106
3737 5
3737 3
3737 6
3737 5
3737 3
3737 6
3737 106
3737 5
3737 3
3737 6
3737 5
3737 3
3737 6
3737 106
3737 5
3737 3
3737 6
3737 5
3737 3
3737 6
3737 106
3737 5
3737 3
3737 6
3737 5
3737 3
3737 6
3737 106
3737 45
3737 5
3737 3
3737 6
3737 5
3737 3
3737 6
3737 106
3737 5
3737 3
3737 6
3737 5
3737 108
3737 90
3737 3
3737 19
3737 6
3737 91
3737 5
3737 3
3737 6
3737 106
3737 5
3737 3
3737 6
3737 5
3737 3
3737 6
3737 106
3737 5
3737 3
3737 6
3737 5
3737 3
3737 6
3737 106
3737 5
3737 3
3737 6
3737 5
3737 3
3737 6
3737 106
3737 5
3737 3
3737 6
3737 5
3737 3
3737 6
3737 106
3737 5
3737 3
3737 6
3737 5
3737 3
3737 6
3737 106
3737 5
3737 3
3737 6
3737 5
3737 3
3737 6
3737 106
3737 5
3737 3
3737 6
3737 5
3737 3
3737 6
3737 106
3737 5
3737 3
3737 6
3737 5
3737 3
3737 6
3737 106
3737 5
3737 3
3737 6
3737 5
3737 3
3737 6
3737 106
3737 5
3737 3
3737 6
3737 5
3737 3
3737 6
3737 106
3737 5
3737 3
3737 6
3737 5
3737 3
3737 6
3737 106
3737 5
3737 3
3737 6
3737 5
3737 3
3737 6
3737 106
3737 45
3737 5
3737 3
3737 6
3737 5
3737 3
3737 6
3737 106
3737 5
3737 3
3737 6
3737 5
3737 3
3737 6
3737 106
3737 5
3737 3
3737 6
3737 5
3737 3
3737 6
3737 106
3737 5
3737 3
3737 6
3737 5
3737 3
3737 6
3737 106
3737 5
3737 3
3737 6
3737 5
3737 3
3737 6
3737 106
3737 5
3737 3
3737 6
3737 5
3737 3
3737 6
3737 106
3737 5
3737 3
3737 6
3737 5
3737 3
3737 6
3737 106
3737 5
3737 3
3737 6
3737 5
3737 3
3737 6
3737 106
3737 5
3737 3
3737 6
3737 5
3737 3
3737 6
3737 106
3737 5
3737 3
3737 6
3737 5
3737 3
3737 6
3737 106
3737 5
3737 3
3737 6
3737 5
3737 3
3737 6
3737 106
3737 5
3737 3
3737 6
3737 5
3737 3
3737 6
3737 106
3737 5
3737 3
3737 6
3737 5
3737 3
3737 6
3737 106
3737 45
3737 5
3737 3
3737 6
3737 5
3737 3
3737 6
3737 106
3737 5
3737 3
3737 6
3737 5
3737 3
3737 6
3737 106
3737 5
3737 3
3737 6
3737 5
3737 3
3737 6
3737 106
3737 5
3737 3
3737 6
3737 5
3737 3
3737 6
3737 106
3737 5
3737 3
3737 6
3737 5
3737 3
3737 6
3737 141
3737 106
3737 5
3737 3
3737 6
3737 5
3737 3
3737 6
3737 106
3737 5
3737 3
3737 6
3737 5
3737 3
3737 6
3737 106
3737 5
3737 3
3737 6
3737 5
3737 3
3737 6
3737 106
3737 5
3737 3
3737 6
3737 5
3737 3
3737 6
3737 106
3737 5
3737 3
3737 6
3737 5
3737 3
3737 6
3737 106
3737 5
3737 3
3737 6
3737 5
3737 3
3737 6
3737 106
3737 5
3737 3
3737 6
3737 5
3737 3
3737 6
3737 141
3737 5
3737 3
3737 6
3737 13
3737 4
3737 1
4120 90
4120 125
4120 106
4120 5
4120 90
4120 6
4120 5
4120 3
4120 90
4120 90
4120 90
4120 90
4120 6
4120 125
4120 91
4120 125
4120 125
4120 136
4120 49
4120 24
4120 47
4120 50
4120 122
4120 54
4120 5
4120 19
4120 3
4120 5
4120 19
4120 3
4120 13
4120 24
4120 45
4120 45
4120 106
4120 5
4120 55
4120 108
4120 90
4120 54
4120 4
4120 141
4120 106
4120 106
4120 106
4120 106
4120 106
4120 106
4120 106
4120 106
4120 106
4120 106
4120 106
4120 106
4120 106
4120 106
4120 106
4120 106
4120 106
4120 106
4120 106
4120 106
4120 106
4120 106
4120 106
4120 106
4120 106
4120 106
4120 106
4120 106
4120 106
4120 106
4120 106
4120 106
4120 106
4120 106
4120 106
4120 106
4120 106
4120 106
4120 106
4120 141
4120 106
4120 106
4120 106
4120 5
4120 3
4120 6
4120 5
4120 108
4120 90
4120 6
4120 5
4120 45
4120 108
4120 90
4120 3
4120 3
4120 6
4120 91
4120 5
4120 108
4120 90
4120 3
4120 6
4120 91
4120 5
4120 3
4120 6
4120 106
4120 106
4120 5
4120 3
4120 6
4120 5
4120 3
4120 6
4120 141
4120 4
4120 4
4120 1
4121 90
4121 125
4121 106
4121 5
4121 90
4121 6
4121 5
4121 3
4121 90
4121 90
4121 90
4121 90
4121 6
4121 125
4121 91
4121 125
4121 125
4121 136
4121 49
4121 24
4121 47
4121 50
4121 122
4121 54
4121 5
4121 19
4121 3
4121 5
4121 19
4121 3
4121 13
4121 45
4121 45
4121 106
4121 5
4121 55
4121 108
4121 90
4121 54
4121 4
4121 141
4121 106
4121 5
4121 3
4121 6
4121 5
4121 108
4121 90
4121 6
4121 5
4121 45
4121 108
4121 90
4121 3
4121 3
4121 6
4121 91
4121 5
4121 108
4121 90
4121 3
4121 19
4121 6
4121 91
4121 5
4121 3
4121 6
4121 106
4121 5
4121 3
4121 6
4121 5
4121 3
4121 6
4121 106
4121 5
4121 3
4121 6
4121 5
4121 3
4121 6
4121 106
4121 5
4121 3
4121 6
4121 5
4121 3
4121 6
4121 106
4121 5
4121 3
4121 6
4121 5
4121 3
4121 6
4121 106
4121 5
4121 3
4121 6
4121 5
4121 3
4121 6
4121 106
4121 5
4121 3
4121 6
4121 5
4121 3
4121 6
4121 106
4121 45
4121 5
4121 3
4121 6
4121 5
4121 3
4121 6
4121 106
4121 5
4121 3
4121 6
4121 5
4121 108
4121 90
4121 3
4121 19
4121 6
4121 91
4121 5
4121 3
4121 6
4121 106
4121 5
4121 3
4121 6
4121 5
4121 3
4121 6
4121 106
4121 5
4121 3
4121 6
4121 5
4121 3
4121 6
4121 106
4121 5
4121 3
4121 6
4121 5
4121 3
4121 6
4121 106
4121 5
4121 3
4121 6
4121 5
4121 3
4121 6
4121 106
4121 5
4121 3
4121 6
4121 5
4121 3
4121 6
4121 106
4121 5
4121 3
4121 6
4121 5
4121 3
4121 6
4121 106
4121 5
4121 3
4121 6
4121 5
4121 3
4121 6
4121 106
4121 5
4121 3
4121 6
4121 5
4121 3
4121 6
4121 106
4121 5
4121 3
4121 6
4121 5
4121 3
4121 6
4121 106
4121 5
4121 3
4121 6
4121 5
4121 3
4121 6
4121 106
4121 5
4121 3
4121 6
4121 5
4121 3
4121 6
4121 106
4121 5
4121 3
4121 6
4121 5
4121 3
4121 6
4121 106
4121 45
4121 5
4121 3
4121 6
4121 5
4121 3
4121 6
4121 106
4121 5
4121 3
4121 6
4121 5
4121 3
4121 6
4121 106
4121 5
4121 3
4121 6
4121 5
4121 3
4121 6
4121 106
4121 5
4121 3
4121 6
4121 5
4121 3
4121 6
4121 106
4121 5
4121 3
4121 6
4121 5
4121 3
4121 6
4121 106
4121 5
4121 3
4121 6
4121 5
4121 3
4121 6
4121 106
4121 5
4121 3
4121 6
4121 5
4121 3
4121 6
4121 106
4121 5
4121 3
4121 6
4121 5
4121 3
4121 6
4121 106
4121 5
4121 3
4121 6
4121 5
4121 3
4121 6
4121 106
4121 5
4121 3
4121 6
4121 5
4121 3
4121 6
4121 106
4121 5
4121 3
4121 6
4121 5
4121 3
4121 6
4121 106
4121 5
4121 3
4121 6
4121 5
4121 3
4121 6
4121 106
4121 5
4121 3
4121 6
4121 5
4121 3
4121 6
4121 106
4121 45
4121 5
4121 3
4121 6
4121 5
4121 3
4121 6
4121 106
4121 5
4121 3
4121 6
4121 5
4121 3
4121 6
4121 106
4121 5
4121 3
4121 6
4121 5
4121 3
4121 6
4121 106
4121 5
4121 3
4121 6
4121 5
4121 3
4121 6
4121 106
4121 5
4121 3
4121 6
4121 5
4121 3
4121 6
4121 141
4121 106
4121 5
4121 3
4121 6
4121 5
4121 3
4121 6
4121 106
4121 5
4121 3
4121 6
4121 5
4121 3
4121 6
4121 106
4121 5
4121 3
4121 6
4121 5
4121 108
4121 90
4121 3
4121 6
4121 91
4121 5
4121 3
4121 6
4121 106
4121 5
4121 3
4121 6
4121 5
4121 3
4121 6
4121 106
4121 5
4121 3
4121 6
4121 5
4121 3
4121 6
4121 141
4121 5
4121 3
4121 6
4121 13
4121 4
4121 4
4121 4
4121 4
4121 4
4121 4
4121 4
4121 4
4121 4
4121 4
4121 4
4121 4
4121 4
4121 4
4121 4
4121 4
4121 4
4121 4
4121 4
4121 4
4121 4
4121 4
4121 4
4121 4
4121 4
4121 4
4121 4
4121 4
4121 4
4121 4
4121 4
4121 4
4121 4
4121 4
4121 4
4121 4
4121 4
4121 4
4121 4
4121 4
4121 4
4121 4
4121 4
4121 4
4121 1
4147 90
4147 125
4147 106
4147 5
4147 90
4147 6
4147 5
4147 3
4147 90
4147 90
4147 90
4147 90
4147 6
4147 125
4147 91
4147 125
4147 125
4147 136
4147 49
4147 24
4147 47
4147 50
4147 122
4147 54
4147 5
4147 19
4147 3
4147 5
4147 19
4147 3
4147 13
4147 45
4147 45
4147 106
4147 5
4147 55
4147 108
4147 90
4147 141
4147 106
4147 5
4147 3
4147 6
4147 5
4147 108
4147 90
4147 6
4147 5
4147 45
4147 108
4147 90
4147 3
4147 3
4147 6
4147 91
4147 5
4147 108
4147 90
4147 3
4147 19
4147 6
4147 91
4147 5
4147 3
4147 6
4147 106
4147 5
4147 3
4147 6
4147 5
4147 3
4147 6
4147 106
4147 5
4147 3
4147 6
4147 5
4147 3
4147 6
4147 106
4147 5
4147 3
4147 6
4147 5
4147 3
4147 6
4147 106
4147 5
4147 3
4147 6
4147 5
4147 3
4147 6
4147 106
4147 5
4147 3
4147 6
4147 5
4147 3
4147 6
4147 106
4147 5
4147 3
4147 6
4147 5
4147 3
4147 6
4147 106
4147 45
4147 5
4147 3
4147 6
4147 5
4147 3
4147 6
4147 106
4147 5
4147 3
4147 6
4147 5
4147 108
4147 90
4147 3
4147 19
4147 6
4147 91
4147 5
4147 3
4147 6
4147 106
4147 5
4147 3
4147 6
4147 5
4147 3
4147 6
4147 106
4147 5
4147 3
4147 6
4147 5
4147 3
4147 6
4147 106
4147 5
4147 3
4147 6
4147 5
4147 3
4147 6
4147 106
4147 5
4147 3
4147 6
4147 5
4147 3
4147 6
4147 106
4147 5
4147 3
4147 6
4147 5
4147 3
4147 6
4147 106
4147 5
4147 3
4147 6
4147 5
4147 3
4147 6
4147 106
4147 5
4147 3
4147 6
4147 5
4147 3
4147 6
4147 106
4147 5
4147 3
4147 6
4147 5
4147 3
4147 6
4147 106
4147 5
4147 3
4147 6
4147 5
4147 3
4147 6
4147 106
4147 5
4147 3
4147 6
4147 5
4147 3
4147 6
4147 106
4147 5
4147 3
4147 6
4147 5
4147 3
4147 6
4147 106
4147 5
4147 3
4147 6
4147 5
4147 3
4147 6
4147 106
4147 45
4147 5
4147 3
4147 6
4147 5
4147 3
4147 6
4147 106
4147 5
4147 3
4147 6
4147 5
4147 3
4147 6
4147 106
4147 5
4147 3
4147 6
4147 5
4147 3
4147 6
4147 106
4147 5
4147 3
4147 6
4147 5
4147 3
4147 6
4147 106
4147 5
4147 3
4147 6
4147 5
4147 3
4147 6
4147 106
4147 5
4147 3
4147 6
4147 5
4147 3
4147 6
4147 106
4147 5
4147 3
4147 6
4147 5
4147 3
4147 6
4147 106
4147 5
4147 3
4147 6
4147 5
4147 3
4147 6
4147 106
4147 5
4147 3
4147 6
4147 5
4147 3
4147 6
4147 106
4147 5
4147 3
4147 6
4147 5
4147 3
4147 6
4147 106
4147 5
4147 3
4147 6
4147 5
4147 3
4147 6
4147 106
4147 5
4147 3
4147 6
4147 5
4147 3
4147 6
4147 106
4147 5
4147 3
4147 6
4147 5
4147 3
4147 6
4147 106
4147 45
4147 5
4147 3
4147 6
4147 5
4147 3
4147 6
4147 106
4147 5
4147 3
4147 6
4147 5
4147 3
4147 6
4147 106
4147 5
4147 3
4147 6
4147 5
4147 3
4147 6
4147 106
4147 5
4147 3
4147 6
4147 5
4147 3
4147 6
4147 106
4147 5
4147 3
4147 6
4147 5
4147 3
4147 6
4147 141
4147 106
4147 5
4147 3
4147 6
4147 5
4147 3
4147 6
4147 106
4147 5
4147 3
4147 6
4147 5
4147 3
4147 6
4147 106
4147 5
4147 3
4147 6
4147 5
4147 108
4147 90
4147 3
4147 6
4147 91
4147 5
4147 3
4147 6
4147 106
4147 5
4147 3
4147 6
4147 5
4147 3
4147 6
4147 106
4147 5
4147 3
4147 6
4147 5
4147 3
4147 6
4147 106
4147 5
4147 3
4147 6
4147 5
4147 3
4147 6
4147 106
4147 5
4147 3
4147 6
4147 5
4147 3
4147 6
4147 106
4147 45
4147 5
4147 3
4147 6
4147 5
4147 3
4147 6
4147 141
4147 5
4147 3
4147 6
4147 13
4147 4
4147 1
4190 90
4190 125
4190 106
4190 5
4190 90
4190 6
4190 5
4190 3
4190 90
4190 90
4190 90
4190 90
4190 6
4190 125
4190 91
4190 125
4190 125
4190 136
4190 49
4190 24
4190 47
4190 50
4190 122
4190 54
4190 5
4190 19
4190 3
4190 5
4190 19
4190 3
4190 13
4190 45
4190 45
4190 106
4190 5
4190 55
4190 108
4190 90
4190 54
4190 4
4190 141
4190 106
4190 5
4190 3
4190 6
4190 5
4190 108
4190 90
4190 6
4190 5
4190 45
4190 108
4190 90
4190 3
4190 3
4190 6
4190 91
4190 5
4190 108
4190 90
4190 3
4190 19
4190 6
4190 91
4190 5
4190 3
4190 6
4190 106
4190 5
4190 3
4190 6
4190 5
4190 3
4190 6
4190 106
4190 5
4190 3
4190 6
4190 5
4190 3
4190 6
4190 106
4190 5
4190 3
4190 6
4190 5
4190 3
4190 6
4190 106
4190 5
4190 3
4190 6
4190 5
4190 3
4190 6
4190 106
4190 5
4190 3
4190 6
4190 5
4190 3
4190 6
4190 106
4190 5
4190 3
4190 6
4190 5
4190 3
4190 6
4190 106
4190 45
4190 5
4190 3
4190 6
4190 5
4190 3
4190 6
4190 106
4190 5
4190 3
4190 6
4190 5
4190 108
4190 90
4190 3
4190 19
4190 6
4190 91
4190 5
4190 3
4190 6
4190 106
4190 5
4190 3
4190 6
4190 5
4190 3
4190 6
4190 106
4190 5
4190 3
4190 6
4190 5
4190 3
4190 6
4190 106
4190 5
4190 3
4190 6
4190 5
4190 3
4190 6
4190 106
4190 5
4190 3
4190 6
4190 5
4190 3
4190 6
4190 106
4190 5
4190 3
4190 6
4190 5
4190 3
4190 6
4190 106
4190 5
4190 3
4190 6
4190 5
4190 3
4190 6
4190 106
4190 5
4190 3
4190 6
4190 5
4190 3
4190 6
4190 106
4190 5
4190 3
4190 6
4190 5
4190 3
4190 6
4190 106
4190 5
4190 3
4190 6
4190 5
4190 3
4190 6
4190 106
4190 5
4190 3
4190 6
4190 5
4190 3
4190 6
4190 106
4190 5
4190 3
4190 6
4190 5
4190 3
4190 6
4190 106
4190 5
4190 3
4190 6
4190 5
4190 3
4190 6
4190 106
4190 45
4190 5
4190 3
4190 6
4190 5
4190 3
4190 6
4190 106
4190 5
4190 3
4190 6
4190 5
4190 3
4190 6
4190 106
4190 5
4190 3
4190 6
4190 5
4190 3
4190 6
4190 106
4190 5
4190 3
4190 6
4190 5
4190 3
4190 6
4190 106
4190 5
4190 3
4190 6
4190 5
4190 3
4190 6
4190 106
4190 5
4190 3
4190 6
4190 5
4190 3
4190 6
4190 106
4190 5
4190 3
4190 6
4190 5
4190 3
4190 6
4190 106
4190 5
4190 3
4190 6
4190 5
4190 3
4190 6
4190 106
4190 5
4190 3
4190 6
4190 5
4190 3
4190 6
4190 106
4190 5
4190 3
4190 6
4190 5
4190 3
4190 6
4190 106
4190 5
4190 3
4190 6
4190 5
4190 3
4190 6
4190 106
4190 5
4190 3
4190 6
4190 5
4190 3
4190 6
4190 106
4190 5
4190 3
4190 6
4190 5
4190 3
4190 6
4190 106
4190 45
4190 5
4190 3
4190 6
4190 5
4190 3
4190 6
4190 106
4190 5
4190 3
4190 6
4190 5
4190 3
4190 6
4190 106
4190 5
4190 3
4190 6
4190 5
4190 3
4190 6
4190 106
4190 5
4190 3
4190 6
4190 5
4190 3
4190 6
4190 106
4190 5
4190 3
4190 6
4190 5
4190 3
4190 6
4190 141
4190 106
4190 5
4190 3
4190 6
4190 5
4190 3
4190 6
4190 106
4190 5
4190 3
4190 6
4190 5
4190 3
4190 6
4190 106
4190 5
4190 3
4190 6
4190 5
4190 108
4190 90
4190 3
4190 6
4190 91
4190 5
4190 3
4190 6
4190 106
4190 5
4190 3
4190 6
4190 5
4190 3
4190 6
4190 106
4190 5
4190 3
4190 6
4190 5
4190 3
4190 6
4190 141
4190 5
4190 3
4190 6
4190 13
4190 4
4190 4
4190 4
4190 4
4190 4
4190 4
4190 4
4190 4
4190 4
4190 4
4190 4
4190 4
4190 4
4190 4
4190 4
4190 4
4190 4
4190 4
4190 4
4190 4
4190 4
4190 4
4190 4
4190 4
4190 4
4190 4
4190 4
4190 4
4190 4
4190 4
4190 4
4190 4
4190 4
4190 4
4190 4
4190 4
4190 4
4190 4
4190 4
4190 4
4190 4
4190 4
4190 4
4190 4
4190 1
