"Sample.Depth" "Sources" "Station" "Latitude" "Longitude"
"1" 517 28.73 1 50.1508 -14.4792
"2" 582 27.9 1 50.1508 -14.4792
"3" 547 23.44 1 50.1508 -14.4792
"4" 614 18.33 1 50.1508 -14.4792
"5" 1068 12.38 1 50.1508 -14.4792
"6" 1005 11.23 1 50.1508 -14.4792
"7" 1036 11.06 1 50.1508 -14.4792
"8" 1100 10.57 1 50.1508 -14.4792
"9" 1490 8.92 1 50.1508 -14.4792
"10" 1520 7.26 1 50.1508 -14.4792
"11" 1550 6.6 1 50.1508 -14.4792
"12" 1587 6.44 1 50.1508 -14.4792
"13" 1972 4.29 1 50.1508 -14.4792
"14" 2003 3.8 1 50.1508 -14.4792
"15" 2034 3.63 1 50.1508 -14.4792
"16" 2068 2.81 1 50.1508 -14.4792
"17" 2444 2.48 1 50.1508 -14.4792
"18" 2504 1.98 1 50.1508 -14.4792
"19" 2477 1.32 1 50.1508 -14.4792
"20" 2536 1.32 1 50.1508 -14.4792
"21" 3722 0.83 1 50.1508 -14.4792
"22" 3446 0.66 1 50.1508 -14.4792
"23" 3630 0.66 1 50.1508 -14.4792
"24" 3660 0.66 1 50.1508 -14.4792
"25" 3939 0.66 1 50.1508 -14.4792
"26" 3414 0.5 1 50.1508 -14.4792
"27" 3505 0.5 1 50.1508 -14.4792
"28" 3534 0.5 1 50.1508 -14.4792
"29" 3912 0.5 1 50.1508 -14.4792
"30" 3568 0.33 1 50.1508 -14.4792
"31" 3600 0.33 1 50.1508 -14.4792
"32" 3697 0.33 1 50.1508 -14.4792
"33" 3853 0.33 1 50.1508 -14.4792
"34" 3880 0.33 1 50.1508 -14.4792
"35" 3474 0.17 1 50.1508 -14.4792
"36" 3789 0.17 1 50.1508 -14.4792
"37" 3758 0 1 50.1508 -14.4792
"38" 3818 0 1 50.1508 -14.4792
"39" 501 21.53 2 50.091 -14.4665
"40" 927 12.88 2 50.091 -14.4665
"41" 865 12.53 2 50.091 -14.4665
"42" 898 11.64 2 50.091 -14.4665
"43" 955 11.47 2 50.091 -14.4665
"44" 1319 10.23 2 50.091 -14.4665
"45" 1380 9.17 2 50.091 -14.4665
"46" 1412 8.82 2 50.091 -14.4665
"47" 1352 7.94 2 50.091 -14.4665
"48" 1799 6 2 50.091 -14.4665
"49" 1767 4.59 2 50.091 -14.4665
"50" 1828 3.88 2 50.091 -14.4665
"51" 2300 3.71 2 50.091 -14.4665
"52" 1857 3.18 2 50.091 -14.4665
"53" 2243 2.47 2 50.091 -14.4665
"54" 2212 2.29 2 50.091 -14.4665
"55" 2267 2.29 2 50.091 -14.4665
"56" 3333 1.41 2 50.091 -14.4665
"57" 3277 1.06 2 50.091 -14.4665
"58" 3394 1.06 2 50.091 -14.4665
"59" 3362 0.88 2 50.091 -14.4665
"60" 3164 0.71 2 50.091 -14.4665
"61" 3187 0.71 2 50.091 -14.4665
"62" 3249 0.71 2 50.091 -14.4665
"63" 3541 0.71 2 50.091 -14.4665
"64" 3423 0.53 2 50.091 -14.4665
"65" 3623 0.53 2 50.091 -14.4665
"66" 3857 0.53 2 50.091 -14.4665
"67" 3888 0.53 2 50.091 -14.4665
"68" 3448 0.35 2 50.091 -14.4665
"69" 3480 0.35 2 50.091 -14.4665
"70" 3509 0.35 2 50.091 -14.4665
"71" 3658 0.35 2 50.091 -14.4665
"72" 3716 0.35 2 50.091 -14.4665
"73" 3743 0.35 2 50.091 -14.4665
"74" 3771 0.35 2 50.091 -14.4665
"75" 3916 0.35 2 50.091 -14.4665
"76" 3219 0.18 2 50.091 -14.4665
"77" 3303 0.18 2 50.091 -14.4665
"78" 3565 0.18 2 50.091 -14.4665
"79" 3686 0.18 2 50.091 -14.4665
"80" 3798 0.18 2 50.091 -14.4665
"81" 3832 0.18 2 50.091 -14.4665
"82" 3595 0 2 50.091 -14.4665
"83" 516 24.43 3 50.1337 -14.4992
"84" 550 22.41 3 50.1337 -14.4992
"85" 591 20.07 3 50.1337 -14.4992
"86" 1053 12.14 3 50.1337 -14.4992
"87" 1020 11.05 3 50.1337 -14.4992
"88" 1090 10.74 3 50.1337 -14.4992
"89" 1125 9.65 3 50.1337 -14.4992
"90" 1555 8.25 3 50.1337 -14.4992
"91" 1588 7 3 50.1337 -14.4992
"92" 1626 6.85 3 50.1337 -14.4992
"93" 1662 4.82 3 50.1337 -14.4992
"94" 2131 2.49 3 50.1337 -14.4992
"95" 2169 2.49 3 50.1337 -14.4992
"96" 2202 2.49 3 50.1337 -14.4992
"97" 2097 1.87 3 50.1337 -14.4992
"98" 2625 1.87 3 50.1337 -14.4992
"99" 2656 1.71 3 50.1337 -14.4992
"100" 2726 1.09 3 50.1337 -14.4992
"101" 3965 1.09 3 50.1337 -14.4992
"102" 3750 0.62 3 50.1337 -14.4992
"103" 3790 0.62 3 50.1337 -14.4992
"104" 3927 0.62 3 50.1337 -14.4992
"105" 2692 0.47 3 50.1337 -14.4992
"106" 3890 0.47 3 50.1337 -14.4992
"107" 3856 0.31 3 50.1337 -14.4992
"108" 3716 0.16 3 50.1337 -14.4992
"109" 3824 0.16 3 50.1337 -14.4992
"110" 559 27.56 4 49.8358 -11.4977
"111" 634 27.56 4 49.8358 -11.4977
"112" 522 26.45 4 49.8358 -11.4977
"113" 596 24.52 4 49.8358 -11.4977
"114" 670 17.73 4 49.8358 -11.4977
"115" 526 26.83 5 49.8842 -11.633
"116" 561 25.66 5 49.8842 -11.633
"117" 633 23.01715291 5 49.8842 -11.633
"118" 596 20.67 5 49.8842 -11.633
"119" 671 20.08503152 5 49.8842 -11.633
"120" 708 19.64521331 5 49.8842 -11.633
"121" 742 16.12666764 5 49.8842 -11.633
"122" 773 14.36739481 5 49.8842 -11.633
"123" 811 12.46151591 5 49.8842 -11.633
"124" 845 12.31490984 5 49.8842 -11.633
"125" 882 12.0216977 5 49.8842 -11.633
"126" 919 11.87509163 5 49.8842 -11.633
"127" 1305 33.91 6 49.2672 -13.4825
"128" 1355 33.59 6 49.2672 -13.4825
"129" 1257 32.3 6 49.2672 -13.4825
"130" 1208 29.71 6 49.2672 -13.4825
"131" 1750 20.02 6 49.2672 -13.4825
"132" 718 19.49 6 49.2672 -13.4825
"133" 818 18.41 6 49.2672 -13.4825
"134" 1796 16.79 6 49.2672 -13.4825
"135" 768 16.47 6 49.2672 -13.4825
"136" 668 16.26 6 49.2672 -13.4825
"137" 1847 12.92 6 49.2672 -13.4825
"138" 1899 9.15 6 49.2672 -13.4825
"139" 2386 2.15 6 49.2672 -13.4825
"140" 2289 1.94 6 49.2672 -13.4825
"141" 2335 1.83 6 49.2672 -13.4825
"142" 2435 1.61 6 49.2672 -13.4825
"143" 2828 1.4 6 49.2672 -13.4825
"144" 2875 0.75 6 49.2672 -13.4825
"145" 2975 0.75 6 49.2672 -13.4825
"146" 2927 0.65 6 49.2672 -13.4825
"147" 3415 0.43 6 49.2672 -13.4825
"148" 3516 0.43 6 49.2672 -13.4825
"149" 3367 0.32 6 49.2672 -13.4825
"150" 3463 0.32 6 49.2672 -13.4825
"151" 3897 0.22 6 49.2672 -13.4825
"152" 3995 0.11 6 49.2672 -13.4825
"153" 3946 0 6 49.2672 -13.4825
"154" 1356.21 45.98 7 49.8517 -13.0368
"155" 1277.74 43.24 7 49.8517 -13.0368
"156" 1473.91 41.48 7 49.8517 -13.0368
"157" 1199.28 41.13 7 49.8517 -13.0368
"158" 1238.51 39.9 7 49.8517 -13.0368
"159" 1316.98 39.2 7 49.8517 -13.0368
"160" 1513.15 30.23 7 49.8517 -13.0368
"161" 1591.62 30.23 7 49.8517 -13.0368
"162" 1630.85 26.89 7 49.8517 -13.0368
"163" 1081.57 25.95 7 49.8517 -13.0368
"164" 1552.38 24.78 7 49.8517 -13.0368
"165" 650 24.26 7 49.8517 -13.0368
"166" 963.87 23.03 7 49.8517 -13.0368
"167" 689.23 22.68 7 49.8517 -13.0368
"168" 1003.11 22.5 7 49.8517 -13.0368
"169" 1042.34 21.8 7 49.8517 -13.0368
"170" 728.47 20.92 7 49.8517 -13.0368
"171" 924.64 18.98 7 49.8517 -13.0368
"172" 767.7 17.58 7 49.8517 -13.0368
"173" 806.94 17.09 7 49.8517 -13.0368
"174" 1748.55 16.35 7 49.8517 -13.0368
"175" 1866.26 15.82 7 49.8517 -13.0368
"176" 1905.49 14.55 7 49.8517 -13.0368
"177" 2101.66 14.24 7 49.8517 -13.0368
"178" 2023.19 13.89 7 49.8517 -13.0368
"179" 2062.43 11.78 7 49.8517 -13.0368
"180" 1787.79 11.25 7 49.8517 -13.0368
"181" 1827.02 9.84 7 49.8517 -13.0368
"182" 2140.89 6.15 7 49.8517 -13.0368
"183" 2180.13 5.48 7 49.8517 -13.0368
"184" 2337.06 4.39 7 49.8517 -13.0368
"185" 2297.83 3.87 7 49.8517 -13.0368
"186" 2376.3 3.34 7 49.8517 -13.0368
"187" 2454.77 2.95 7 49.8517 -13.0368
"188" 2415.53 1.76 7 49.8517 -13.0368
"189" 1417 39.43 8 49.8515 -13.047
"190" 1167 37.91 8 49.8515 -13.047
"191" 1452 35.93 8 49.8515 -13.047
"192" 1276 35.78 8 49.8515 -13.047
"193" 1521 35.78 8 49.8515 -13.047
"194" 1132 33.49 8 49.8515 -13.047
"195" 1203 32.28 8 49.8515 -13.047
"196" 1487 30.6 8 49.8515 -13.047
"197" 1658 30.14 8 49.8515 -13.047
"198" 1239 29.99 8 49.8515 -13.047
"199" 1692 22.99 8 49.8515 -13.047
"200" 682 20.25 8 49.8515 -13.047
"201" 922 20.1 8 49.8515 -13.047
"202" 1760 19.64 8 49.8515 -13.047
"203" 1896 18.88 8 49.8515 -13.047
"204" 957 18.73 8 49.8515 -13.047
"205" 715 18.57 8 49.8515 -13.047
"206" 1930 17.51 8 49.8515 -13.047
"207" 1726 17.2 8 49.8515 -13.047
"208" 749 16.44 8 49.8515 -13.047
"209" 887 16.14 8 49.8515 -13.047
"210" 992 15.53 8 49.8515 -13.047
"211" 1965 14.62 8 49.8515 -13.047
"212" 647 14.16 8 49.8515 -13.047
"213" 1998 11.57 8 49.8515 -13.047
"214" 2133 8.07 8 49.8515 -13.047
"215" 2166 7.31 8 49.8515 -13.047
"216" 2200 5.48 8 49.8515 -13.047
"217" 2234 4.26 8 49.8515 -13.047
"218" 2438 2.89 8 49.8515 -13.047
"219" 2267 2.59 8 49.8515 -13.047
"220" 2505 1.37 8 49.8515 -13.047
"221" 2471 1.07 8 49.8515 -13.047
"222" 2404 0.76 8 49.8515 -13.047
"223" 1300 31.08 9 49.5022 -13.7062
"224" 1369 25.48 9 49.5022 -13.7062
"225" 1127 25.02 9 49.5022 -13.7062
"226" 1335 24.55 9 49.5022 -13.7062
"227" 1195 22.07 9 49.5022 -13.7062
"228" 1231 21.91 9 49.5022 -13.7062
"229" 1503 21.76 9 49.5022 -13.7062
"230" 1161 21.13 9 49.5022 -13.7062
"231" 1402 20.82 9 49.5022 -13.7062
"232" 1435 20.82 9 49.5022 -13.7062
"233" 1469 20.2 9 49.5022 -13.7062
"234" 1056 19.27 9 49.5022 -13.7062
"235" 1091 18.18 9 49.5022 -13.7062
"236" 1636 18.18 9 49.5022 -13.7062
"237" 1536 17.56 9 49.5022 -13.7062
"238" 1020 16.47 9 49.5022 -13.7062
"239" 1569 16.16 9 49.5022 -13.7062
"240" 985 15.38 9 49.5022 -13.7062
"241" 951 14.45 9 49.5022 -13.7062
"242" 1669 12.59 9 49.5022 -13.7062
"243" 1702 11.81 9 49.5022 -13.7062
"244" 1804 11.03 9 49.5022 -13.7062
"245" 1771 10.88 9 49.5022 -13.7062
"246" 1737 9.32 9 49.5022 -13.7062
"247" 1872 8.24 9 49.5022 -13.7062
"248" 1974 7.15 9 49.5022 -13.7062
"249" 1838 6.06 9 49.5022 -13.7062
"250" 1905 5.9 9 49.5022 -13.7062
"251" 2041 5.59 9 49.5022 -13.7062
"252" 2007 4.66 9 49.5022 -13.7062
"253" 2140 4.66 9 49.5022 -13.7062
"254" 2074 4.2 9 49.5022 -13.7062
"255" 2107 4.2 9 49.5022 -13.7062
"256" 2207 3.57 9 49.5022 -13.7062
"257" 2240 3.57 9 49.5022 -13.7062
"258" 2173 3.42 9 49.5022 -13.7062
"259" 2308 3.42 9 49.5022 -13.7062
"260" 2443 2.18 9 49.5022 -13.7062
"261" 2409 2.02 9 49.5022 -13.7062
"262" 2375 1.86 9 49.5022 -13.7062
"263" 2476 1.86 9 49.5022 -13.7062
"264" 2510 1.71 9 49.5022 -13.7062
"265" 2341 1.55 9 49.5022 -13.7062
"266" 2577 1.4 9 49.5022 -13.7062
"267" 2644 1.4 9 49.5022 -13.7062
"268" 2543 1.24 9 49.5022 -13.7062
"269" 2747 0.93 9 49.5022 -13.7062
"270" 2781 0.93 9 49.5022 -13.7062
"271" 2815 0.93 9 49.5022 -13.7062
"272" 2849 0.93 9 49.5022 -13.7062
"273" 2678 0.78 9 49.5022 -13.7062
"274" 2713 0.78 9 49.5022 -13.7062
"275" 2916 0.47 9 49.5022 -13.7062
"276" 2882 0.16 9 49.5022 -13.7062
"277" 2628 2.32 10 48.5665 -15.0018
"278" 2661 2.01 10 48.5665 -15.0018
"279" 2594 1.7 10 48.5665 -15.0018
"280" 2996 1.7 10 48.5665 -15.0018
"281" 3129 1.39 10 48.5665 -15.0018
"282" 2695 1.23 10 48.5665 -15.0018
"283" 2896 1.23 10 48.5665 -15.0018
"284" 3096 1.23 10 48.5665 -15.0018
"285" 3431 1.08 10 48.5665 -15.0018
"286" 3464 1.08 10 48.5665 -15.0018
"287" 2795 0.93 10 48.5665 -15.0018
"288" 3062 0.93 10 48.5665 -15.0018
"289" 3163 0.93 10 48.5665 -15.0018
"290" 3196 0.93 10 48.5665 -15.0018
"291" 3229 0.93 10 48.5665 -15.0018
"292" 3296 0.93 10 48.5665 -15.0018
"293" 3733 0.93 10 48.5665 -15.0018
"294" 4204 0.93 10 48.5665 -15.0018
"295" 2729 0.77 10 48.5665 -15.0018
"296" 3029 0.77 10 48.5665 -15.0018
"297" 3531 0.77 10 48.5665 -15.0018
"298" 2829 0.62 10 48.5665 -15.0018
"299" 2863 0.62 10 48.5665 -15.0018
"300" 2963 0.62 10 48.5665 -15.0018
"301" 3498 0.62 10 48.5665 -15.0018
"302" 3633 0.62 10 48.5665 -15.0018
"303" 3666 0.62 10 48.5665 -15.0018
"304" 3397 0.46 10 48.5665 -15.0018
"305" 3565 0.46 10 48.5665 -15.0018
"306" 3766 0.46 10 48.5665 -15.0018
"307" 3834 0.46 10 48.5665 -15.0018
"308" 3901 0.46 10 48.5665 -15.0018
"309" 4002 0.46 10 48.5665 -15.0018
"310" 4103 0.46 10 48.5665 -15.0018
"311" 4306 0.46 10 48.5665 -15.0018
"312" 2762 0.31 10 48.5665 -15.0018
"313" 3363 0.31 10 48.5665 -15.0018
"314" 3699 0.31 10 48.5665 -15.0018
"315" 3867 0.31 10 48.5665 -15.0018
"316" 3968 0.31 10 48.5665 -15.0018
"317" 4136 0.31 10 48.5665 -15.0018
"318" 4238 0.31 10 48.5665 -15.0018
"319" 3330 0.15 10 48.5665 -15.0018
"320" 4036 0.15 10 48.5665 -15.0018
"321" 4170 0.15 10 48.5665 -15.0018
"322" 4441 0.15 10 48.5665 -15.0018
"323" 4475 0.15 10 48.5665 -15.0018
"324" 3800 0 10 48.5665 -15.0018
"325" 4069 0 10 48.5665 -15.0018
"326" 4340 0 10 48.5665 -15.0018
"327" 4374 0 10 48.5665 -15.0018
"328" 4408 0 10 48.5665 -15.0018
"329" 4509 0 10 48.5665 -15.0018
"330" 4543 0 10 48.5665 -15.0018
"331" 4577 0 10 48.5665 -15.0018
"332" 1575 42.53 11 50.0005 -13.3845
"333" 1605 37.5 11 50.0005 -13.3845
"334" 1419 30.03 11 50.0005 -13.3845
"335" 1451 29.22 11 50.0005 -13.3845
"336" 1483 28.57 11 50.0005 -13.3845
"337" 1636 26.46 11 50.0005 -13.3845
"338" 1514 25.33 11 50.0005 -13.3845
"339" 1322 25.16 11 50.0005 -13.3845
"340" 1696 24.35 11 50.0005 -13.3845
"341" 1387 23.86 11 50.0005 -13.3845
"342" 1727 23.22 11 50.0005 -13.3845
"343" 1758 21.92 11 50.0005 -13.3845
"344" 1790 21.59 11 50.0005 -13.3845
"345" 1354 20.46 11 50.0005 -13.3845
"346" 1289 20.29 11 50.0005 -13.3845
"347" 1666 20.13 11 50.0005 -13.3845
"348" 1821 19.48 11 50.0005 -13.3845
"349" 1884 18.67 11 50.0005 -13.3845
"350" 1257 18.34 11 50.0005 -13.3845
"351" 1192 18.18 11 50.0005 -13.3845
"352" 1916 16.88 11 50.0005 -13.3845
"353" 1095 15.58 11 50.0005 -13.3845
"354" 1030 15.26 11 50.0005 -13.3845
"355" 930 15.1 11 50.0005 -13.3845
"356" 1128 15.1 11 50.0005 -13.3845
"357" 1160 14.45 11 50.0005 -13.3845
"358" 1062 13.96 11 50.0005 -13.3845
"359" 2333 13.64 11 50.0005 -13.3845
"360" 997 12.99 11 50.0005 -13.3845
"361" 1947 12.34 11 50.0005 -13.3845
"362" 2010 11.04 11 50.0005 -13.3845
"363" 2074 10.39 11 50.0005 -13.3845
"364" 1978 10.07 11 50.0005 -13.3845
"365" 2235 9.58 11 50.0005 -13.3845
"366" 963 9.42 11 50.0005 -13.3845
"367" 2365 8.28 11 50.0005 -13.3845
"368" 2527 8.28 11 50.0005 -13.3845
"369" 2301 8.12 11 50.0005 -13.3845
"370" 2430 7.95 11 50.0005 -13.3845
"371" 2397 7.79 11 50.0005 -13.3845
"372" 2268 7.31 11 50.0005 -13.3845
"373" 2107 6.82 11 50.0005 -13.3845
"374" 2042 6.49 11 50.0005 -13.3845
"375" 2203 6.49 11 50.0005 -13.3845
"376" 2463 6.01 11 50.0005 -13.3845
"377" 2558 5.19 11 50.0005 -13.3845
"378" 2139 4.22 11 50.0005 -13.3845
"379" 2622 4.06 11 50.0005 -13.3845
"380" 2653 4.06 11 50.0005 -13.3845
"381" 2716 2.44 11 50.0005 -13.3845
"382" 2748 1.95 11 50.0005 -13.3845
"383" 2590 1.79 11 50.0005 -13.3845
"384" 2685 1.46 11 50.0005 -13.3845
"385" 692 13.59 12 49.751 -13.9447
"386" 836 12.58 12 49.751 -13.9447
"387" 801 10.84 12 49.751 -13.9447
"388" 765 10.56 12 49.751 -13.9447
"389" 728 9.98 12 49.751 -13.9447
"390" 1127 9.4 12 49.751 -13.9447
"391" 1091 9.11 12 49.751 -13.9447
"392" 1166 8.39 12 49.751 -13.9447
"393" 1201 6.07 12 49.751 -13.9447
"394" 1239 6.07 12 49.751 -13.9447
"395" 1495 5.49 12 49.751 -13.9447
"396" 1532 4.34 12 49.751 -13.9447
"397" 2307 3.76 12 49.751 -13.9447
"398" 1568 3.47 12 49.751 -13.9447
"399" 1604 3.04 12 49.751 -13.9447
"400" 1865 2.75 12 49.751 -13.9447
"401" 2419 2.75 12 49.751 -13.9447
"402" 2382 2.6 12 49.751 -13.9447
"403" 2051 2.17 12 49.751 -13.9447
"404" 2346 2.17 12 49.751 -13.9447
"405" 1902 2.02 12 49.751 -13.9447
"406" 1939 2.02 12 49.751 -13.9447
"407" 2455 2.02 12 49.751 -13.9447
"408" 2861 1.88 12 49.751 -13.9447
"409" 2715 1.59 12 49.751 -13.9447
"410" 2789 1.59 12 49.751 -13.9447
"411" 2753 1.3 12 49.751 -13.9447
"412" 2825 1.3 12 49.751 -13.9447
"413" 3118 1.3 12 49.751 -13.9447
"414" 1977 1.01 12 49.751 -13.9447
"415" 2013 1.01 12 49.751 -13.9447
"416" 3190 1.01 12 49.751 -13.9447
"417" 3154 0.72 12 49.751 -13.9447
"418" 3521 0.58 12 49.751 -13.9447
"419" 3225 0.43 12 49.751 -13.9447
"420" 3265 0.43 12 49.751 -13.9447
"421" 3558 0.43 12 49.751 -13.9447
"422" 3596 0.43 12 49.751 -13.9447
"423" 3629 0.43 12 49.751 -13.9447
"424" 3668 0.29 12 49.751 -13.9447
"425" 543 33.34 13 49.8567 -13.962
"426" 580 32.57 13 49.8567 -13.962
"427" 505 28.57 13 49.8567 -13.962
"428" 617 26.1 13 49.8567 -13.962
"429" 691 22.29 13 49.8567 -13.962
"430" 656 21.72 13 49.8567 -13.962
"431" 766 17.72 13 49.8567 -13.962
"432" 730 15.24 13 49.8567 -13.962
"433" 802 14.48 13 49.8567 -13.962
"434" 840 13.52 13 49.8567 -13.962
"435" 1023 10.1 13 49.8567 -13.962
"436" 913 9.72 13 49.8567 -13.962
"437" 1207 9.72 13 49.8567 -13.962
"438" 1096 9.33 13 49.8567 -13.962
"439" 1355 9.33 13 49.8567 -13.962
"440" 1170 9.14 13 49.8567 -13.962
"441" 1282 8.95 13 49.8567 -13.962
"442" 1060 8.76 13 49.8567 -13.962
"443" 1134 8.76 13 49.8567 -13.962
"444" 1242 8.76 13 49.8567 -13.962
"445" 877 7.43 13 49.8567 -13.962
"446" 1317 7.43 13 49.8567 -13.962
"447" 951 7.05 13 49.8567 -13.962
"448" 1392 7.05 13 49.8567 -13.962
"449" 1730 5.33 13 49.8567 -13.962
"450" 1431 4.95 13 49.8567 -13.962
"451" 2358 4.19 13 49.8567 -13.962
"452" 1879 4 13 49.8567 -13.962
"453" 1470 3.24 13 49.8567 -13.962
"454" 2066 3.24 13 49.8567 -13.962
"455" 2396 3.24 13 49.8567 -13.962
"456" 2320 3.05 13 49.8567 -13.962
"457" 1805 2.67 13 49.8567 -13.962
"458" 1953 2.67 13 49.8567 -13.962
"459" 2213 2.67 13 49.8567 -13.962
"460" 1768 2.48 13 49.8567 -13.962
"461" 2503 2.48 13 49.8567 -13.962
"462" 2538 2.48 13 49.8567 -13.962
"463" 2578 2.48 13 49.8567 -13.962
"464" 1844 2.29 13 49.8567 -13.962
"465" 2650 2.29 13 49.8567 -13.962
"466" 1991 2.1 13 49.8567 -13.962
"467" 2140 2.1 13 49.8567 -13.962
"468" 2175 2.1 13 49.8567 -13.962
"469" 2687 2.1 13 49.8567 -13.962
"470" 2468 1.9 13 49.8567 -13.962
"471" 1918 1.71 13 49.8567 -13.962
"472" 2029 1.71 13 49.8567 -13.962
"473" 2250 1.71 13 49.8567 -13.962
"474" 2722 1.71 13 49.8567 -13.962
"475" 2758 1.71 13 49.8567 -13.962
"476" 2431 1.52 13 49.8567 -13.962
"477" 2613 1.52 13 49.8567 -13.962
"478" 2102 1.33 13 49.8567 -13.962
"479" 2794 1.33 13 49.8567 -13.962
"480" 2833 1.33 13 49.8567 -13.962
"481" 634 27.8 14 49.555 -14.1833
"482" 599 27.24 14 49.555 -14.1833
"483" 709 21.46 14 49.555 -14.1833
"484" 671 19.22 14 49.555 -14.1833
"485" 781 17.54 14 49.555 -14.1833
"486" 744 17.35 14 49.555 -14.1833
"487" 890 16.23 14 49.555 -14.1833
"488" 854 15.49 14 49.555 -14.1833
"489" 1183 13.62 14 49.555 -14.1833
"490" 1073 12.87 14 49.555 -14.1833
"491" 927 11.75 14 49.555 -14.1833
"492" 818 11.2 14 49.555 -14.1833
"493" 1110 10.82 14 49.555 -14.1833
"494" 1219 10.64 14 49.555 -14.1833
"495" 999 10.45 14 49.555 -14.1833
"496" 1292 10.26 14 49.555 -14.1833
"497" 963 9.7 14 49.555 -14.1833
"498" 1330 9.7 14 49.555 -14.1833
"499" 1035 9.52 14 49.555 -14.1833
"500" 1259 8.58 14 49.555 -14.1833
"501" 1367 7.09 14 49.555 -14.1833
"502" 1402 6.72 14 49.555 -14.1833
"503" 1440 6.16 14 49.555 -14.1833
"504" 2452 6.16 14 49.555 -14.1833
"505" 1547 5.41 14 49.555 -14.1833
"506" 1475 5.22 14 49.555 -14.1833
"507" 1584 5.22 14 49.555 -14.1833
"508" 1511 4.85 14 49.555 -14.1833
"509" 2560 4.29 14 49.555 -14.1833
"510" 2164 3.92 14 49.555 -14.1833
"511" 2487 3.92 14 49.555 -14.1833
"512" 2524 3.92 14 49.555 -14.1833
"513" 1621 3.73 14 49.555 -14.1833
"514" 1911 3.73 14 49.555 -14.1833
"515" 2380 3.73 14 49.555 -14.1833
"516" 1877 3.17 14 49.555 -14.1833
"517" 2201 3.17 14 49.555 -14.1833
"518" 2344 3.17 14 49.555 -14.1833
"519" 2019 2.99 14 49.555 -14.1833
"520" 2275 2.99 14 49.555 -14.1833
"521" 1983 2.8 14 49.555 -14.1833
"522" 2056 2.8 14 49.555 -14.1833
"523" 2595 2.8 14 49.555 -14.1833
"524" 2740 2.8 14 49.555 -14.1833
"525" 2236 2.61 14 49.555 -14.1833
"526" 2307 2.43 14 49.555 -14.1833
"527" 2668 2.43 14 49.555 -14.1833
"528" 2777 2.43 14 49.555 -14.1833
"529" 1947 2.24 14 49.555 -14.1833
"530" 2093 2.24 14 49.555 -14.1833
"531" 2128 1.87 14 49.555 -14.1833
"532" 2706 1.87 14 49.555 -14.1833
"533" 2631 1.68 14 49.555 -14.1833
"534" 2883 1.68 14 49.555 -14.1833
"535" 2919 1.68 14 49.555 -14.1833
"536" 2812 1.49 14 49.555 -14.1833
"537" 2849 1.49 14 49.555 -14.1833
"538" 2957 1.31 14 49.555 -14.1833
"539" 591.24 78.66923996 15 49.807 -14.0643
"540" 554.97 77.93401342 15 49.807 -14.0643
"541" 518.7 59.55334988 15 49.807 -14.0643
"542" 627.51 56.61244371 15 49.807 -14.0643
"543" 663.78 51.28205128 15 49.807 -14.0643
"544" 700.05 38.96700671 15 49.807 -14.0643
"545" 772.59 34.37184082 15 49.807 -14.0643
"546" 808.86 31.98235456 15 49.807 -14.0643
"547" 736.32 27.57099531 15 49.807 -14.0643
"548" 990.21 23.15963606 15 49.807 -14.0643
"549" 917.67 22.97582943 15 49.807 -14.0643
"550" 845.13 22.42440952 15 49.807 -14.0643
"551" 953.94 21.13776307 15 49.807 -14.0643
"552" 1026.48 20.03492326 15 49.807 -14.0643
"553" 881.4 18.74827681 15 49.807 -14.0643
"554" 1099.02 17.82924364 15 49.807 -14.0643
"555" 1316.64 16.54259719 15 49.807 -14.0643
"556" 1135.29 15.99117728 15 49.807 -14.0643
"557" 1171.56 15.80737065 15 49.807 -14.0643
"558" 1244.1 14.33691756 15 49.807 -14.0643
"559" 1207.83 14.15311093 15 49.807 -14.0643
"560" 1280.37 14.15311093 15 49.807 -14.0643
"561" 1389.18 11.9474313 15 49.807 -14.0643
"562" 1352.91 11.21220476 15 49.807 -14.0643
"563" 1497.99 10.10936495 15 49.807 -14.0643
"564" 1461.72 8.8227185 15 49.807 -14.0643
"565" 1425.45 8.271298594 15 49.807 -14.0643
"566" 1534.26 7.536072052 15 49.807 -14.0643
"567" 1788.15 4.778972521 15 49.807 -14.0643
"568" 1896.96 4.41135925 15 49.807 -14.0643
"569" 1860.69 3.859939344 15 49.807 -14.0643
"570" 1969.5 3.676132708 15 49.807 -14.0643
"571" 2404.74 3.676132708 15 49.807 -14.0643
"572" 2477.28 3.676132708 15 49.807 -14.0643
"573" 1933.23 3.492326073 15 49.807 -14.0643
"574" 2005.77 3.308519438 15 49.807 -14.0643
"575" 1824.42 3.124712802 15 49.807 -14.0643
"576" 2368.47 3.124712802 15 49.807 -14.0643
"577" 2259.66 2.940906167 15 49.807 -14.0643
"578" 2767.44 2.940906167 15 49.807 -14.0643
"579" 2694.9 2.757099531 15 49.807 -14.0643
"580" 2586.09 2.573292896 15 49.807 -14.0643
"581" 2731.17 2.573292896 15 49.807 -14.0643
"582" 2078.31 2.38948626 15 49.807 -14.0643
"583" 2441.01 2.38948626 15 49.807 -14.0643
"584" 2513.55 2.38948626 15 49.807 -14.0643
"585" 2622.36 2.38948626 15 49.807 -14.0643
"586" 2150.85 2.205679625 15 49.807 -14.0643
"587" 2658.63 2.205679625 15 49.807 -14.0643
"588" 2042.04 2.02187299 15 49.807 -14.0643
"589" 2295.93 2.02187299 15 49.807 -14.0643
"590" 2549.82 2.02187299 15 49.807 -14.0643
"591" 2114.58 1.838066354 15 49.807 -14.0643
"592" 2223.39 1.470453083 15 49.807 -14.0643
"593" 2187.12 1.286646448 15 49.807 -14.0643
"594" 2803.71 1.102839813 15 49.807 -14.0643
"595" 598 53.37 16 49.0322 -16.1493
"596" 631 51.32 16 49.0322 -16.1493
"597" 700 42.42 16 49.0322 -16.1493
"598" 666 38.32 16 49.0322 -16.1493
"599" 1317 37.29 16 49.0322 -16.1493
"600" 1352 36.27 16 49.0322 -16.1493
"601" 1417 32.16 16 49.0322 -16.1493
"602" 1386 31.82 16 49.0322 -16.1493
"603" 938 28.74 16 49.0322 -16.1493
"604" 1009 28.74 16 49.0322 -16.1493
"605" 974 26.34 16 49.0322 -16.1493
"606" 1652 26 16 49.0322 -16.1493
"607" 1043 25.66 16 49.0322 -16.1493
"608" 1719 25.66 16 49.0322 -16.1493
"609" 1686 22.24 16 49.0322 -16.1493
"610" 2048 15.05 16 49.0322 -16.1493
"611" 1751 14.71 16 49.0322 -16.1493
"612" 2080 12.66 16 49.0322 -16.1493
"613" 2015 11.63 16 49.0322 -16.1493
"614" 2378 10.95 16 49.0322 -16.1493
"615" 2114 8.9 16 49.0322 -16.1493
"616" 2345 6.16 16 49.0322 -16.1493
"617" 2711 5.47 16 49.0322 -16.1493
"618" 2412 4.11 16 49.0322 -16.1493
"619" 2445 4.11 16 49.0322 -16.1493
"620" 2744 4.11 16 49.0322 -16.1493
"621" 2779 3.42 16 49.0322 -16.1493
"622" 3044 3.42 16 49.0322 -16.1493
"623" 3441 2.39 16 49.0322 -16.1493
"624" 3473 2.39 16 49.0322 -16.1493
"625" 3742 2.05 16 49.0322 -16.1493
"626" 3776 2.05 16 49.0322 -16.1493
"627" 3140 1.71 16 49.0322 -16.1493
"628" 3406 1.71 16 49.0322 -16.1493
"629" 2810 1.37 16 49.0322 -16.1493
"630" 3074 1.37 16 49.0322 -16.1493
"631" 3810 1.37 16 49.0322 -16.1493
"632" 3841 1.37 16 49.0322 -16.1493
"633" 4109 1.37 16 49.0322 -16.1493
"634" 4174 1.03 16 49.0322 -16.1493
"635" 4141 0.68 16 49.0322 -16.1493
"636" 4206 0.68 16 49.0322 -16.1493
"637" 4766 0.68 16 49.0322 -16.1493
"638" 4797 0.68 16 49.0322 -16.1493
"639" 4866 0.68 16 49.0322 -16.1493
"640" 3108 0.34 16 49.0322 -16.1493
"641" 3509 0.34 16 49.0322 -16.1493
"642" 4437 0.34 16 49.0322 -16.1493
"643" 4469 0.34 16 49.0322 -16.1493
"644" 4502 0.34 16 49.0322 -16.1493
"645" 4831 0 16 49.0322 -16.1493
"646" 724 28.7 17 48.7772 -16.4845
"647" 858 27.59 17 48.7772 -16.4845
"648" 689 24.24 17 48.7772 -16.4845
"649" 655 23.97 17 48.7772 -16.4845
"650" 823 21.46 17 48.7772 -16.4845
"651" 1185 19.79 17 48.7772 -16.4845
"652" 758 18.95 17 48.7772 -16.4845
"653" 924 17.83 17 48.7772 -16.4845
"654" 1252 17.83 17 48.7772 -16.4845
"655" 1087 17.28 17 48.7772 -16.4845
"656" 1216 17.28 17 48.7772 -16.4845
"657" 556 16.72 17 48.7772 -16.4845
"658" 891 16.72 17 48.7772 -16.4845
"659" 1152 16.72 17 48.7772 -16.4845
"660" 956 16.44 17 48.7772 -16.4845
"661" 1054 16.44 17 48.7772 -16.4845
"662" 1651 16.16 17 48.7772 -16.4845
"663" 1119 15.88 17 48.7772 -16.4845
"664" 790 15.05 17 48.7772 -16.4845
"665" 623 14.49 17 48.7772 -16.4845
"666" 987 14.21 17 48.7772 -16.4845
"667" 1684 14.21 17 48.7772 -16.4845
"668" 1022 13.1 17 48.7772 -16.4845
"669" 1718 12.26 17 48.7772 -16.4845
"670" 1783 11.37 17 48.7772 -16.4845
"671" 588 8.64 17 48.7772 -16.4845
"672" 1749 6.13 17 48.7772 -16.4845
"673" 2343 5.29 17 48.7772 -16.4845
"674" 2375 4.74 17 48.7772 -16.4845
"675" 2408 4.74 17 48.7772 -16.4845
"676" 2472 4.35 17 48.7772 -16.4845
"677" 2441 4.18 17 48.7772 -16.4845
"678" 3060 2.79 17 48.7772 -16.4845
"679" 3844 2.23 17 48.7772 -16.4845
"680" 3093 1.95 17 48.7772 -16.4845
"681" 3811 1.95 17 48.7772 -16.4845
"682" 3160 1.39 17 48.7772 -16.4845
"683" 4424 1.39 17 48.7772 -16.4845
"684" 3877 1.34 17 48.7772 -16.4845
"685" 3125 1.11 17 48.7772 -16.4845
"686" 3192 1 17 48.7772 -16.4845
"687" 4488 0.84 17 48.7772 -16.4845
"688" 3746 0.56 17 48.7772 -16.4845
"689" 3778 0.56 17 48.7772 -16.4845
"690" 4551 0.33 17 48.7772 -16.4845
"691" 4455 0.28 17 48.7772 -16.4845
"692" 4521 0.28 17 48.7772 -16.4845
"693" 580 36.33 18 49.4647 -15.57
"694" 516 31.63 18 49.4647 -15.57
"695" 549 31.42 18 49.4647 -15.57
"696" 709 26.5 18 49.4647 -15.57
"697" 612 25.43 18 49.4647 -15.57
"698" 1224 25.01 18 49.4647 -15.57
"699" 678 24.37 18 49.4647 -15.57
"700" 646 22.23 18 49.4647 -15.57
"701" 741 22.23 18 49.4647 -15.57
"702" 1189 22.23 18 49.4647 -15.57
"703" 1125 21.59 18 49.4647 -15.57
"704" 867 20.73 18 49.4647 -15.57
"705" 1617 20.3 18 49.4647 -15.57
"706" 1649 20.09 18 49.4647 -15.57
"707" 1030 19.66 18 49.4647 -15.57
"708" 1684 19.66 18 49.4647 -15.57
"709" 772 18.59 18 49.4647 -15.57
"710" 1092 18.59 18 49.4647 -15.57
"711" 1158 18.59 18 49.4647 -15.57
"712" 804 17.74 18 49.4647 -15.57
"713" 898 17.53 18 49.4647 -15.57
"714" 834 16.46 18 49.4647 -15.57
"715" 1748 16.16 18 49.4647 -15.57
"716" 963 15.18 18 49.4647 -15.57
"717" 1718 14.96 18 49.4647 -15.57
"718" 995 14.53 18 49.4647 -15.57
"719" 931 13.04 18 49.4647 -15.57
"720" 1063 13.04 18 49.4647 -15.57
"721" 2339 9.4 18 49.4647 -15.57
"722" 2307 7.91 18 49.4647 -15.57
"723" 2405 5.13 18 49.4647 -15.57
"724" 2371 4.49 18 49.4647 -15.57
"725" 2435 3.85 18 49.4647 -15.57
"726" 3059 2.35 18 49.4647 -15.57
"727" 3028 1.92 18 49.4647 -15.57
"728" 3772 1.92 18 49.4647 -15.57
"729" 3157 1.8 18 49.4647 -15.57
"730" 3124 1.71 18 49.4647 -15.57
"731" 3740 1.28 18 49.4647 -15.57
"732" 3803 1.28 18 49.4647 -15.57
"733" 3092 1.07 18 49.4647 -15.57
"734" 3833 1.03 18 49.4647 -15.57
"735" 3707 0.85 18 49.4647 -15.57
"736" 4462 0.64 18 49.4647 -15.57
"737" 4401 0.43 18 49.4647 -15.57
"738" 4432 0.21 18 49.4647 -15.57
"739" 4368 0 18 49.4647 -15.57
"740" 4494 0 18 49.4647 -15.57
"741" 1508 46.69 19 49.7792 -13.6275
"742" 1544 40.16 19 49.7792 -13.6275
"743" 1330 35.93 19 49.7792 -13.6275
"744" 1147 35.54 19 49.7792 -13.6275
"745" 640 35.35 19 49.7792 -13.6275
"746" 1111 34.78 19 49.7792 -13.6275
"747" 1578 34.2 19 49.7792 -13.6275
"748" 1686 34.2 19 49.7792 -13.6275
"749" 1291 34.01 19 49.7792 -13.6275
"750" 1614 33.05 19 49.7792 -13.6275
"751" 1721 32.28 19 49.7792 -13.6275
"752" 604 31.51 19 49.7792 -13.6275
"753" 1437 30.93 19 49.7792 -13.6275
"754" 1218 29.97 19 49.7792 -13.6275
"755" 567 29.59 19 49.7792 -13.6275
"756" 1401 29.01 19 49.7792 -13.6275
"757" 1183 28.63 19 49.7792 -13.6275
"758" 1795 28.24 19 49.7792 -13.6275
"759" 1364 27.86 19 49.7792 -13.6275
"760" 1830 27.86 19 49.7792 -13.6275
"761" 673 27.47 19 49.7792 -13.6275
"762" 1473 27.28 19 49.7792 -13.6275
"763" 1757 26.71 19 49.7792 -13.6275
"764" 928 24.21 19 49.7792 -13.6275
"765" 745 22.67 19 49.7792 -13.6275
"766" 1075 22.67 19 49.7792 -13.6275
"767" 1868 22.67 19 49.7792 -13.6275
"768" 856 22.48 19 49.7792 -13.6275
"769" 1038 21.52 19 49.7792 -13.6275
"770" 708 20.94 19 49.7792 -13.6275
"771" 818 20.75 19 49.7792 -13.6275
"772" 781 20.56 19 49.7792 -13.6275
"773" 1900 20.37 19 49.7792 -13.6275
"774" 963 19.79 19 49.7792 -13.6275
"775" 531 18.83 19 49.7792 -13.6275
"776" 1938 17.29 19 49.7792 -13.6275
"777" 1974 16.52 19 49.7792 -13.6275
"778" 1001 15.18 19 49.7792 -13.6275
"779" 2191 8.45 19 49.7792 -13.6275
"780" 2228 6.92 19 49.7792 -13.6275
"781" 2296 5.76 19 49.7792 -13.6275
"782" 2262 5.19 19 49.7792 -13.6275
"783" 2512 3.46 19 49.7792 -13.6275
"784" 2548 3.07 19 49.7792 -13.6275
"785" 2618 3.07 19 49.7792 -13.6275
"786" 2583 2.88 19 49.7792 -13.6275
"787" 2866 2.69 19 49.7792 -13.6275
"788" 2901 2.11 19 49.7792 -13.6275
"789" 2831 1.73 19 49.7792 -13.6275
