0.70938,0.67963,0.68993,0.73455,0.66476,0.72311,0.71167,0.75172,0.73913,0.72311,0.78604,0.79977,0.81236,0.76087,0.81922,0.76659,0.82037,0.81465,0.86041,0.80549,0.85011,0.88673,0.83867,0.90046,0.88902,0.85584,0.87872,0.90046,0.89817,0.9119,0.90046,0.88787,0.88787,0.90503,0.91304,0.90847,0.90961,0.89931,0.90732,0.91533,0.89474,0.90618,0.92563,0.90847,0.94279,0.92792,0.90503,0.91419,0.91991
0.70252,0.67963,0.62815,0.72082,0.68078,0.67506,0.6968,0.73684,0.76087,0.77231,0.71854,0.73341,0.82494,0.76888,0.81465,0.79977,0.84325,0.82838,0.8833,0.80092,0.89588,0.87872,0.89703,0.89588,0.90847,0.88444,0.89016,0.88673,0.90389,0.89817,0.88558,0.89359,0.89359,0.89817,0.89016,0.9222,0.87185,0.91762,0.92105,0.89359,0.91648,0.90275,0.91876,0.91076,0.91876,0.93135,0.93364,0.95309,0.93707
0.69451,0.67849,0.6968,0.6659,0.65789,0.68307,0.7151,0.74256,0.7643,0.6865,0.72654,0.84211,0.77574,0.79519,0.83181,0.77231,0.82609,0.81579,0.87185,0.81579,0.86499,0.84096,0.86499,0.88215,0.88215,0.84783,0.88101,0.89474,0.86384,0.88101,0.89245,0.8913,0.89931,0.90847,0.8833,0.9016,0.92906,0.93707,0.90389,0.89588,0.90961,0.89474,0.9119,0.92792,0.92563,0.9016,0.92105,0.93364,0.93021
0.70137,0.68078,0.62586,0.72883,0.67048,0.67391,0.67849,0.74485,0.71625,0.75515,0.76773,0.76888,0.78947,0.79634,0.83066,0.80435,0.84211,0.88902,0.80664,0.84325,0.8238,0.83982,0.87414,0.86957,0.8833,0.88787,0.87414,0.88558,0.89016,0.88215,0.90847,0.9222,0.90847,0.9222,0.88101,0.91991,0.88444,0.88787,0.90961,0.92105,0.93249,0.91533,0.9222,0.9016,0.92334,0.90046,0.94508,0.91076,0.93364
0.70938,0.67849,0.66934,0.65561,0.66819,0.68879,0.66819,0.75286,0.69908,0.7151,0.69451,0.71281,0.77117,0.79291,0.8135,0.80778,0.85126,0.84439,0.86957,0.84096,0.86842,0.87529,0.86842,0.86842,0.87872,0.9016,0.90046,0.9016,0.88444,0.91533,0.87986,0.86613,0.90389,0.92792,0.89474,0.90732,0.91991,0.92334,0.88558,0.90503,0.92105,0.90503,0.93707,0.9222,0.89474,0.93707,0.93936,0.9508,0.9119
0.71167,0.67391,0.6659,0.65103,0.66934,0.67162,0.65103,0.74828,0.75172,0.78833,0.74256,0.76087,0.85126,0.81579,0.84096,0.80549,0.80092,0.82952,0.83181,0.81922,0.84439,0.82037,0.83867,0.85698,0.8341,0.90503,0.84325,0.8913,0.88101,0.88215,0.87414,0.91533,0.93707,0.90046,0.90503,0.89931,0.88902,0.92677,0.93364,0.91876,0.93936,0.90503,0.9016,0.90847,0.9119,0.90618,0.94851,0.92792,0.93249
0.70938,0.67391,0.65217,0.70709,0.65332,0.67506,0.6968,0.75286,0.77803,0.71854,0.77918,0.77002,0.75744,0.73799,0.82151,0.74943,0.82494,0.84783,0.83524,0.88444,0.873,0.8524,0.87757,0.8833,0.86613,0.87071,0.86957,0.90389,0.91304,0.8833,0.91991,0.92334,0.91419,0.8913,0.88902,0.91533,0.89359,0.89588,0.90847,0.91762,0.91991,0.93021,0.92105,0.89931,0.90275,0.93135,0.9611,0.91076,0.93707
0.70481,0.67506,0.66247,0.65561,0.62357,0.70595,0.69336,0.70824,0.78719,0.75057,0.74485,0.75973,0.79977,0.76201,0.76659,0.78032,0.81693,0.82723,0.83295,0.81808,0.86728,0.86041,0.87757,0.86957,0.86957,0.88215,0.90618,0.87986,0.90618,0.88215,0.86499,0.90503,0.89817,0.90046,0.94279,0.89359,0.93364,0.91876,0.91419,0.92105,0.92105,0.9119,0.92563,0.90503,0.92334,0.92449,0.93707,0.90961,0.92449
0.71167,0.67735,0.69336,0.64874,0.69908,0.71167,0.72883,0.71854,0.74371,0.77231,0.75858,0.75858,0.80206,0.80092,0.81007,0.82494,0.86041,0.85355,0.83982,0.85927,0.88558,0.84096,0.84897,0.86842,0.84554,0.84897,0.87414,0.89703,0.90961,0.8913,0.88673,0.8833,0.91876,0.92677,0.92677,0.91762,0.91533,0.91876,0.91876,0.90847,0.92449,0.93135,0.9016,0.90847,0.94508,0.92792,0.9222,0.91762,0.91762
0.70938,0.68307,0.66819,0.70824,0.6865,0.68535,0.68078,0.74027,0.74256,0.79863,0.68879,0.72769,0.78947,0.80435,0.82265,0.82609,0.79519,0.78833,0.85584,0.79519,0.86499,0.88902,0.84439,0.86613,0.87185,0.88101,0.89016,0.87529,0.86957,0.9016,0.88101,0.89245,0.89703,0.89588,0.91419,0.91304,0.89703,0.91076,0.92449,0.91304,0.9016,0.9016,0.92677,0.91076,0.91304,0.91991,0.9222,0.93021,0.93021
0.70709,0.67506,0.67963,0.69794,0.65332,0.64531,0.70366,0.70481,0.78719,0.75515,0.8032,0.76087,0.77803,0.75515,0.81007,0.81922,0.86728,0.81808,0.81693,0.85355,0.85812,0.84897,0.86156,0.88215,0.85469,0.873,0.88101,0.8627,0.89359,0.91419,0.90046,0.91762,0.89817,0.93021,0.93021,0.91533,0.91304,0.89703,0.90503,0.9119,0.91876,0.94165,0.9222,0.90389,0.91762,0.93249,0.93707,0.93593,0.94394
0.70824,0.69908,0.66362,0.70023,0.65561,0.67849,0.67963,0.67162,0.72197,0.71854,0.67849,0.76087,0.80549,0.79863,0.80435,0.83066,0.81693,0.80092,0.82609,0.83181,0.82151,0.86041,0.8627,0.85355,0.85812,0.89016,0.88673,0.89588,0.8833,0.88101,0.87872,0.89931,0.90275,0.92334,0.89016,0.91076,0.91876,0.8913,0.91762,0.91648,0.92105,0.91648,0.89817,0.92105,0.92449,0.92449,0.93822,0.90618,0.91991
0.70938,0.68307,0.67506,0.70023,0.69222,0.68078,0.62586,0.72883,0.6968,0.73799,0.74943,0.77918,0.78375,0.81808,0.81007,0.82838,0.83066,0.84439,0.8627,0.82494,0.82151,0.86957,0.83638,0.88673,0.86041,0.86499,0.87414,0.86728,0.87986,0.88444,0.85469,0.91304,0.89588,0.91076,0.91991,0.89474,0.92449,0.8913,0.91876,0.91762,0.91648,0.90275,0.9222,0.91648,0.9016,0.94165,0.93593,0.9119,0.90503
0.70938,0.69108,0.66819,0.70137,0.69908,0.70481,0.73684,0.67849,0.746,0.76888,0.754,0.75286,0.82037,0.83181,0.85584,0.84668,0.83982,0.83753,0.82723,0.86041,0.83638,0.88101,0.90046,0.88444,0.88787,0.8524,0.87757,0.87757,0.89245,0.88444,0.88787,0.89703,0.88215,0.91648,0.91419,0.89588,0.92677,0.92792,0.89703,0.92906,0.91991,0.91991,0.90732,0.93936,0.92449,0.91876,0.90503,0.94737,0.92334
0.71053,0.67162,0.66476,0.72883,0.66247,0.72426,0.6762,0.70366,0.76201,0.74256,0.7746,0.74485,0.80664,0.85698,0.78947,0.80092,0.83638,0.8032,0.8135,0.85355,0.87986,0.88215,0.8524,0.85812,0.90961,0.9016,0.90046,0.85011,0.89588,0.88673,0.90732,0.91991,0.90046,0.92105,0.9016,0.89931,0.90961,0.9016,0.91762,0.9016,0.91991,0.92105,0.93249,0.93249,0.92105,0.91762,0.91648,0.90389,0.90503
0.71053,0.67048,0.66362,0.70824,0.71281,0.68421,0.70252,0.7254,0.72998,0.74256,0.72426,0.7151,0.74256,0.80892,0.81579,0.80778,0.79176,0.80435,0.85927,0.84783,0.84096,0.81922,0.8627,0.89931,0.85011,0.86156,0.90847,0.86957,0.87071,0.89474,0.87757,0.88215,0.9222,0.91419,0.87757,0.91876,0.92105,0.91762,0.91762,0.91076,0.93021,0.91648,0.92449,0.9222,0.91533,0.89474,0.93364,0.94394,0.94966
0.71167,0.67735,0.67506,0.69565,0.65789,0.67162,0.68535,0.71053,0.71396,0.74485,0.76773,0.74027,0.79405,0.83181,0.82151,0.82952,0.78947,0.78719,0.83982,0.84897,0.85812,0.86384,0.87414,0.84439,0.87872,0.86728,0.86384,0.91762,0.90618,0.87414,0.86957,0.87185,0.93822,0.90618,0.89703,0.91533,0.91762,0.89359,0.91076,0.90618,0.90389,0.91876,0.93593,0.90046,0.93021,0.93249,0.92105,0.93021,0.92105
0.70824,0.6762,0.66819,0.69565,0.66133,0.68192,0.66934,0.73227,0.75629,0.67849,0.73227,0.74828,0.80664,0.78833,0.83181,0.83295,0.84211,0.81121,0.85126,0.83066,0.86041,0.85812,0.8524,0.81121,0.86613,0.85469,0.90503,0.87757,0.91419,0.91419,0.91876,0.90618,0.87185,0.91876,0.88787,0.8627,0.93021,0.90618,0.9222,0.92449,0.92334,0.93021,0.91304,0.91076,0.92563,0.93135,0.93936,0.89931,0.93593
0.71167,0.67277,0.66018,0.70709,0.66018,0.68879,0.69222,0.70023,0.74256,0.78261,0.75172,0.72998,0.80664,0.79977,0.80778,0.83181,0.85812,0.82265,0.84783,0.81007,0.84439,0.82265,0.85584,0.86156,0.8913,0.85126,0.89245,0.90618,0.88558,0.85011,0.88558,0.92563,0.89931,0.90275,0.93593,0.91991,0.93021,0.92334,0.93249,0.9119,0.92677,0.93249,0.90961,0.91304,0.92906,0.94737,0.93478,0.95195,0.93936
0.70824,0.67391,0.68307,0.70252,0.69794,0.67048,0.66819,0.66133,0.72769,0.72311,0.70595,0.78604,0.85011,0.81922,0.85126,0.80206,0.8524,0.79977,0.84325,0.85584,0.88215,0.86842,0.86156,0.88101,0.88558,0.87529,0.88787,0.88558,0.88673,0.88902,0.93822,0.88902,0.88787,0.89703,0.93135,0.90847,0.9016,0.92449,0.9222,0.92563,0.93021,0.91419,0.92105,0.94737,0.93021,0.92449,0.93822,0.94394,0.93936
0.70137,0.67735,0.65675,0.69794,0.66247,0.68879,0.68421,0.73455,0.72654,0.73799,0.71739,0.83524,0.74714,0.81236,0.82494,0.83982,0.85126,0.83982,0.81922,0.84096,0.86613,0.85469,0.8627,0.85584,0.88902,0.87529,0.87643,0.89817,0.90046,0.91876,0.89931,0.90847,0.9222,0.92334,0.91533,0.91991,0.93593,0.90046,0.91762,0.94394,0.92792,0.89588,0.92792,0.92906,0.93478,0.90275,0.93364,0.93135,0.92105
0.70252,0.68307,0.67048,0.74027,0.66247,0.69108,0.6659,0.69794,0.75629,0.82952,0.70824,0.72654,0.79405,0.79634,0.86613,0.81922,0.82952,0.82952,0.81579,0.86728,0.85126,0.84783,0.8524,0.87185,0.88673,0.89817,0.8833,0.88444,0.89359,0.89588,0.8913,0.89474,0.87643,0.9222,0.91762,0.92334,0.91419,0.94394,0.91304,0.93249,0.90847,0.92449,0.90389,0.93707,0.93707,0.94279,0.90961,0.93593,0.92792
0.71167,0.67162,0.65217,0.65332,0.67391,0.70709,0.69908,0.72082,0.76659,0.77346,0.72426,0.74142,0.78604,0.80092,0.81236,0.82151,0.85469,0.84554,0.82265,0.80435,0.83524,0.87185,0.83867,0.82265,0.86499,0.88215,0.88787,0.90503,0.85812,0.90503,0.87414,0.89703,0.91076,0.92449,0.89817,0.8913,0.90732,0.9222,0.93364,0.91533,0.91991,0.91991,0.93478,0.9405,0.93364,0.90961,0.93936,0.95423,0.92105
0.71053,0.67048,0.66705,0.64874,0.67391,0.68764,0.72998,0.70595,0.7357,0.74142,0.76087,0.71053,0.75286,0.80892,0.83295,0.84211,0.84439,0.86613,0.83638,0.82838,0.89359,0.86957,0.84897,0.86613,0.8833,0.88444,0.86613,0.8913,0.9119,0.9222,0.89016,0.88558,0.89931,0.90046,0.90961,0.90046,0.9405,0.88902,0.91076,0.90847,0.91076,0.9222,0.92105,0.89703,0.92105,0.91991,0.90847,0.93135,0.92449
0.70481,0.6762,0.66247,0.64874,0.67506,0.68764,0.67048,0.75515,0.75858,0.71053,0.72426,0.76659,0.76201,0.81236,0.82265,0.81693,0.85126,0.84325,0.81922,0.85355,0.87414,0.87872,0.85584,0.84211,0.88902,0.86728,0.90275,0.88787,0.92105,0.93135,0.90275,0.8833,0.9222,0.92563,0.91762,0.92449,0.92334,0.90732,0.90732,0.92563,0.88902,0.90503,0.89245,0.91762,0.90847,0.88558,0.93822,0.91876,0.92677
0.71053,0.67735,0.66819,0.746,0.6968,0.67162,0.73112,0.74142,0.76659,0.75973,0.72426,0.78261,0.79634,0.83638,0.84096,0.85355,0.79748,0.80549,0.83982,0.83066,0.84211,0.81236,0.84325,0.84439,0.88558,0.87529,0.87757,0.87414,0.90618,0.89359,0.9119,0.91876,0.89931,0.88673,0.91762,0.9222,0.92105,0.91304,0.90389,0.92563,0.93249,0.9222,0.93135,0.93364,0.92563,0.92334,0.94394,0.91304,0.94508
0.70938,0.67277,0.66934,0.69908,0.6373,0.6968,0.73799,0.71167,0.7151,0.71396,0.69336,0.71625,0.78032,0.77117,0.82609,0.82838,0.80778,0.81693,0.81579,0.85698,0.79634,0.86957,0.84325,0.873,0.86957,0.87757,0.88673,0.90275,0.89474,0.85126,0.9016,0.90389,0.88215,0.92563,0.90618,0.88787,0.90503,0.92105,0.91076,0.90732,0.92906,0.90046,0.90046,0.92677,0.92677,0.92792,0.92906,0.93593,0.92677
0.70938,0.67277,0.67391,0.68879,0.6865,0.66362,0.71739,0.68307,0.73684,0.7254,0.79634,0.75858,0.77574,0.78032,0.8135,0.84439,0.81236,0.82838,0.81579,0.83753,0.86613,0.85011,0.87185,0.88101,0.88444,0.87529,0.86499,0.91762,0.89931,0.86041,0.88673,0.89703,0.92449,0.89817,0.90961,0.90732,0.89245,0.93478,0.88444,0.93936,0.93478,0.92449,0.93021,0.92906,0.92563,0.91991,0.93364,0.9222,0.93707
0.70824,0.67735,0.65789,0.71396,0.72082,0.69108,0.66819,0.73341,0.7357,0.71281,0.79062,0.75744,0.77346,0.8135,0.8238,0.82037,0.81579,0.83066,0.79977,0.84668,0.8238,0.84668,0.83753,0.87414,0.89245,0.8913,0.88444,0.89016,0.8913,0.86842,0.89931,0.90732,0.90389,0.91304,0.89474,0.89359,0.92792,0.93135,0.90732,0.90961,0.90618,0.91762,0.94508,0.93593,0.93707,0.91876,0.92677,0.94165,0.94279
0.71053,0.67391,0.67963,0.67963,0.68879,0.68307,0.71625,0.66819,0.76201,0.71167,0.72426,0.69451,0.80206,0.78947,0.84439,0.79634,0.85011,0.81808,0.83982,0.84325,0.85927,0.89474,0.84325,0.84668,0.8627,0.87529,0.88215,0.9016,0.87986,0.90275,0.90732,0.9119,0.89588,0.9119,0.92906,0.91876,0.92906,0.93593,0.93021,0.88902,0.93021,0.92906,0.91991,0.92906,0.94737,0.9508,0.91762,0.93478,0.95309
0.70709,0.67506,0.66247,0.73341,0.70252,0.66705,0.66476,0.69336,0.72311,0.71854,0.74142,0.754,0.79634,0.81465,0.80092,0.82151,0.84325,0.87414,0.8341,0.83867,0.85011,0.85812,0.82952,0.88902,0.8627,0.87185,0.873,0.85698,0.88902,0.90618,0.88558,0.88558,0.91762,0.90389,0.87643,0.90847,0.9119,0.89016,0.92563,0.91762,0.92449,0.92105,0.89474,0.92792,0.89931,0.91876,0.94165,0.93364,0.94508
0.70023,0.67162,0.66133,0.71968,0.70824,0.67963,0.71854,0.746,0.77231,0.69336,0.76659,0.79634,0.75973,0.8524,0.77803,0.81236,0.82952,0.83753,0.83638,0.8238,0.90046,0.86613,0.87185,0.86041,0.8913,0.8913,0.85126,0.90046,0.90618,0.90847,0.9222,0.87986,0.91076,0.89588,0.89016,0.91648,0.90503,0.94165,0.90847,0.91419,0.91991,0.9119,0.93249,0.91076,0.91533,0.91533,0.91304,0.93249,0.92563
0.70023,0.66934,0.6968,0.66705,0.72426,0.64989,0.71625,0.71053,0.77231,0.75172,0.72311,0.75515,0.78375,0.81236,0.82723,0.8135,0.78719,0.83638,0.84325,0.85812,0.83181,0.84783,0.88444,0.85355,0.873,0.86384,0.84783,0.87071,0.89588,0.86957,0.89359,0.91076,0.8913,0.93593,0.91304,0.92563,0.91419,0.91076,0.93021,0.9119,0.94622,0.93021,0.90275,0.91304,0.90847,0.89016,0.93707,0.93249,0.92334
0.69794,0.66247,0.67391,0.65332,0.66247,0.70481,0.74714,0.73227,0.71167,0.7254,0.79291,0.75515,0.80435,0.78833,0.81922,0.81121,0.85584,0.85126,0.82151,0.84211,0.88673,0.86842,0.87529,0.83066,0.89817,0.89703,0.87986,0.90732,0.90847,0.88902,0.90503,0.90503,0.87643,0.90503,0.89817,0.91076,0.91076,0.91762,0.89245,0.91419,0.88444,0.91876,0.93364,0.93249,0.94279,0.93135,0.93364,0.9508,0.90275
0.70595,0.67506,0.66018,0.69451,0.66819,0.72883,0.71739,0.70595,0.74027,0.73112,0.6968,0.74027,0.78604,0.78833,0.80435,0.81007,0.86728,0.82723,0.84325,0.80435,0.87757,0.85927,0.86957,0.87757,0.86384,0.9119,0.8913,0.90503,0.90503,0.83982,0.9222,0.89703,0.90275,0.90961,0.90503,0.90046,0.92105,0.90618,0.91762,0.92792,0.91533,0.91762,0.92334,0.90847,0.93135,0.93707,0.9222,0.90503,0.93249
0.70824,0.67162,0.65675,0.6476,0.67277,0.67506,0.6865,0.6968,0.68307,0.7357,0.71854,0.76659,0.83181,0.77231,0.82494,0.81579,0.81465,0.85469,0.84554,0.83638,0.86613,0.83982,0.88787,0.85011,0.88902,0.8627,0.90389,0.89817,0.87757,0.90618,0.88673,0.90732,0.88673,0.9016,0.90503,0.89245,0.91533,0.9119,0.91076,0.92792,0.89817,0.92105,0.92906,0.93249,0.93478,0.94508,0.89817,0.94966,0.9405
0.70938,0.67506,0.65446,0.69336,0.63501,0.65332,0.6659,0.72082,0.67162,0.79405,0.72654,0.76316,0.77346,0.81121,0.81007,0.84668,0.82265,0.78375,0.84439,0.82037,0.86041,0.83524,0.88215,0.85469,0.85584,0.87872,0.89703,0.88444,0.92449,0.90732,0.873,0.87414,0.91648,0.91533,0.91419,0.89817,0.92105,0.91533,0.91876,0.91419,0.88902,0.9016,0.91304,0.91533,0.93249,0.91076,0.92906,0.90046,0.94737
0.70709,0.66476,0.65675,0.6762,0.63616,0.66934,0.68535,0.72426,0.75057,0.76087,0.75629,0.79405,0.84554,0.81922,0.83753,0.79748,0.84439,0.78833,0.8524,0.88787,0.84668,0.85355,0.85469,0.90961,0.86499,0.86613,0.88101,0.89703,0.87071,0.88558,0.9016,0.89817,0.91419,0.91304,0.90046,0.90847,0.91648,0.90732,0.90046,0.94165,0.9119,0.94394,0.90389,0.9222,0.95195,0.92563,0.92334,0.90847,0.93364
0.70709,0.66705,0.67506,0.67963,0.65332,0.65446,0.66476,0.70023,0.71281,0.77803,0.78947,0.8032,0.84554,0.82952,0.80892,0.81693,0.82494,0.82037,0.873,0.8341,0.83524,0.83638,0.86499,0.87986,0.88101,0.87986,0.88673,0.8913,0.87529,0.91419,0.92334,0.89359,0.89359,0.91076,0.90389,0.91762,0.90046,0.90961,0.9119,0.91991,0.92792,0.90275,0.93135,0.93021,0.93249,0.93364,0.94737,0.93249,0.94279
0.71053,0.66362,0.67048,0.6968,0.627,0.65675,0.69336,0.76773,0.73799,0.8135,0.73112,0.80549,0.80206,0.79176,0.85584,0.86499,0.83181,0.84783,0.82037,0.83638,0.84096,0.85469,0.8524,0.87414,0.86728,0.87071,0.88902,0.8913,0.9016,0.89359,0.87071,0.90732,0.88558,0.91648,0.90732,0.90847,0.91533,0.92563,0.91876,0.94622,0.91304,0.93822,0.93364,0.92449,0.93478,0.9119,0.90389,0.93707,0.93707
0.70938,0.66819,0.68421,0.70481,0.63158,0.6865,0.69794,0.74027,0.81007,0.77346,0.74142,0.78032,0.82265,0.80892,0.82838,0.80206,0.80778,0.83867,0.83753,0.87185,0.82838,0.87529,0.90618,0.8627,0.84439,0.86384,0.88444,0.8913,0.90732,0.89588,0.90503,0.90732,0.91076,0.8833,0.9119,0.90961,0.89245,0.93135,0.90961,0.93021,0.91876,0.91762,0.91076,0.91991,0.90847,0.92334,0.93364,0.9222,0.92334
0.70824,0.67048,0.68307,0.68764,0.64874,0.65103,0.71625,0.71968,0.72082,0.72654,0.74256,0.75172,0.79176,0.79291,0.80206,0.86499,0.85355,0.85698,0.81808,0.84554,0.85698,0.87071,0.89817,0.88673,0.88444,0.8833,0.89817,0.88787,0.89245,0.88673,0.88787,0.9119,0.87757,0.90503,0.88673,0.92563,0.89931,0.9222,0.91991,0.92906,0.92563,0.9119,0.92334,0.92906,0.91876,0.91762,0.93364,0.94851,0.9405
0.70137,0.67048,0.67048,0.72769,0.64188,0.66705,0.70481,0.7151,0.71167,0.70137,0.72197,0.74943,0.80664,0.78833,0.82723,0.82609,0.8524,0.85011,0.83867,0.85469,0.85812,0.85011,0.89588,0.86499,0.84783,0.90503,0.90389,0.88902,0.88444,0.8627,0.87757,0.89703,0.89931,0.89931,0.89817,0.91648,0.88558,0.9016,0.92334,0.92334,0.90503,0.91648,0.90732,0.91419,0.91991,0.93478,0.90389,0.91648,0.94508
0.70366,0.67391,0.65332,0.6968,0.63387,0.6762,0.72197,0.72082,0.76316,0.78604,0.746,0.72998,0.81121,0.81465,0.82952,0.82265,0.84096,0.8238,0.8238,0.81808,0.84211,0.85469,0.90389,0.85355,0.89474,0.89474,0.85011,0.87986,0.89931,0.90503,0.90961,0.87414,0.92792,0.93021,0.89359,0.90503,0.93135,0.92792,0.90961,0.91762,0.91648,0.90732,0.90847,0.93936,0.93135,0.9405,0.94165,0.93936,0.92563
0.70938,0.66934,0.66362,0.71053,0.62586,0.70252,0.66133,0.76087,0.77346,0.77574,0.75629,0.78146,0.78375,0.81465,0.82952,0.81922,0.86156,0.8238,0.8524,0.86156,0.84554,0.86842,0.83524,0.83638,0.8833,0.91533,0.87071,0.86384,0.87414,0.91533,0.88558,0.9016,0.89931,0.88673,0.90275,0.91533,0.93707,0.89817,0.92105,0.90847,0.93822,0.91304,0.94508,0.90847,0.91648,0.91076,0.91419,0.91762,0.92563
0.70481,0.67506,0.67391,0.65217,0.63272,0.64073,0.70709,0.746,0.71396,0.74943,0.78146,0.82838,0.79062,0.82723,0.83066,0.78947,0.8341,0.8032,0.84439,0.86728,0.88101,0.85355,0.86041,0.8627,0.90046,0.89016,0.91876,0.90503,0.86613,0.89245,0.92105,0.90046,0.89931,0.91076,0.9016,0.90618,0.92792,0.93135,0.92792,0.92449,0.90961,0.92563,0.91419,0.92906,0.91762,0.94394,0.93135,0.93936,0.93249
0.70481,0.67391,0.68421,0.65904,0.63501,0.67963,0.75744,0.70137,0.72311,0.77346,0.74027,0.78032,0.84096,0.81922,0.79634,0.83638,0.82838,0.82037,0.82494,0.82037,0.86842,0.87872,0.87757,0.89016,0.88444,0.87757,0.86156,0.88787,0.89359,0.91876,0.9016,0.90847,0.88673,0.91876,0.9119,0.89703,0.91076,0.92563,0.91762,0.89359,0.89016,0.9222,0.91419,0.92449,0.92563,0.93135,0.93135,0.93822,0.93822
0.69794,0.67162,0.68535,0.64416,0.62815,0.6659,0.70709,0.67735,0.73341,0.78261,0.754,0.75286,0.80892,0.82723,0.83753,0.82151,0.84668,0.80892,0.85355,0.83982,0.86728,0.85698,0.84096,0.8524,0.9016,0.87986,0.8913,0.88787,0.88558,0.88673,0.87872,0.94165,0.92449,0.90275,0.92334,0.90275,0.92449,0.92105,0.92105,0.91876,0.92334,0.94165,0.89703,0.93593,0.92563,0.94394,0.94622,0.93249,0.94508
0.71167,0.67162,0.67506,0.6659,0.63387,0.63272,0.72082,0.72998,0.68421,0.76773,0.73112,0.79176,0.80778,0.81236,0.84211,0.84211,0.86499,0.81808,0.79176,0.86957,0.84325,0.85698,0.86728,0.87071,0.86842,0.86957,0.88444,0.89931,0.89474,0.90389,0.87986,0.90961,0.91419,0.92449,0.90618,0.92906,0.9119,0.90961,0.91762,0.93021,0.94851,0.94508,0.91876,0.91304,0.9405,0.90961,0.94394,0.93707,0.92792
0.70137,0.6762,0.66705,0.66362,0.63959,0.69794,0.71167,0.72082,0.74943,0.75515,0.71625,0.79863,0.80092,0.79634,0.86156,0.82151,0.83066,0.79519,0.83524,0.83295,0.86384,0.85355,0.88673,0.8627,0.86499,0.89474,0.87986,0.87414,0.88673,0.89474,0.90046,0.91762,0.8833,0.8913,0.90847,0.90046,0.89817,0.92792,0.91876,0.91876,0.89817,0.91762,0.93364,0.93936,0.92334,0.94394,0.92792,0.92563,0.93707
0.70709,0.66362,0.65561,0.70137,0.64188,0.66934,0.71167,0.74714,0.71167,0.79291,0.76201,0.77803,0.79176,0.80892,0.83524,0.81693,0.82265,0.81693,0.83181,0.84096,0.90503,0.87757,0.84096,0.88558,0.88444,0.90389,0.89817,0.86613,0.91533,0.87185,0.91876,0.91076,0.91648,0.92792,0.91648,0.9222,0.90618,0.90389,0.93478,0.90389,0.93936,0.90847,0.89245,0.94279,0.90847,0.90046,0.93135,0.92449,0.9405
0.70938,0.67849,0.68764,0.67506,0.64302,0.69336,0.6968,0.70595,0.72311,0.73913,0.74142,0.73799,0.80778,0.8627,0.84096,0.84211,0.82151,0.79748,0.86156,0.84668,0.86499,0.86613,0.87529,0.85584,0.84554,0.88787,0.87529,0.87071,0.89245,0.89817,0.89016,0.90389,0.89474,0.9222,0.90618,0.93249,0.93249,0.92105,0.93021,0.9405,0.91991,0.92792,0.92105,0.93478,0.9222,0.94279,0.92449,0.91533,0.93822
0.70595,0.67048,0.66133,0.6865,0.63844,0.67506,0.69108,0.74142,0.68078,0.73799,0.72883,0.77574,0.82265,0.79176,0.81579,0.79634,0.84211,0.82037,0.85584,0.83638,0.86842,0.85584,0.86384,0.89931,0.8627,0.88558,0.89016,0.85584,0.8833,0.89359,0.90618,0.91991,0.90046,0.90503,0.90503,0.90618,0.90961,0.91076,0.91762,0.92906,0.92563,0.91762,0.92906,0.91648,0.92906,0.94508,0.9405,0.93936,0.93936
0.70366,0.66705,0.66705,0.67963,0.6476,0.69565,0.71625,0.7357,0.68307,0.74485,0.73913,0.77002,0.78604,0.8135,0.80778,0.86728,0.8627,0.82609,0.81922,0.8238,0.87414,0.88673,0.85812,0.85126,0.873,0.8913,0.87529,0.88787,0.89817,0.87757,0.90961,0.89016,0.91419,0.90503,0.89703,0.87872,0.91762,0.88787,0.92906,0.93249,0.91762,0.89359,0.93249,0.90961,0.94394,0.91419,0.92563,0.91762,0.93478
0.71053,0.67506,0.68307,0.66476,0.64073,0.6968,0.7151,0.67048,0.68307,0.77803,0.7849,0.75057,0.85011,0.8032,0.81236,0.83638,0.82037,0.8627,0.84668,0.84211,0.8524,0.86499,0.86842,0.86156,0.88902,0.85698,0.88444,0.88787,0.88444,0.873,0.90847,0.90503,0.89703,0.88787,0.9119,0.91533,0.93249,0.90618,0.91876,0.93021,0.93021,0.93249,0.9016,0.90961,0.90961,0.92449,0.93364,0.92677,0.92105
0.70709,0.67506,0.65789,0.68764,0.66705,0.69222,0.70252,0.68421,0.75057,0.75858,0.75286,0.75515,0.76773,0.8341,0.82609,0.80549,0.81465,0.86156,0.84325,0.85126,0.85011,0.87185,0.85011,0.89016,0.89588,0.90618,0.89245,0.8833,0.89245,0.90503,0.88215,0.89931,0.89474,0.91648,0.91876,0.90961,0.93478,0.9222,0.91648,0.92906,0.92792,0.92105,0.9119,0.93249,0.91876,0.91076,0.95195,0.94165,0.91648
0.70595,0.68078,0.66934,0.66362,0.63387,0.70709,0.67048,0.71167,0.75973,0.77803,0.71281,0.77117,0.81808,0.80549,0.82609,0.82723,0.82609,0.80549,0.83524,0.81236,0.86842,0.87071,0.8627,0.89588,0.84783,0.88902,0.91876,0.90275,0.8833,0.90732,0.90847,0.90046,0.87529,0.90847,0.90618,0.91419,0.90732,0.87986,0.90618,0.91076,0.92906,0.90046,0.88558,0.88558,0.93364,0.91419,0.91876,0.91533,0.94622
0.70595,0.66934,0.67048,0.64989,0.63158,0.64302,0.66705,0.64416,0.71167,0.7849,0.79748,0.754,0.78719,0.78947,0.82952,0.82265,0.86613,0.84096,0.82723,0.873,0.88673,0.85011,0.88215,0.8627,0.86728,0.90046,0.873,0.8913,0.89817,0.89817,0.87986,0.90961,0.89245,0.91076,0.89359,0.90275,0.90732,0.93249,0.9119,0.89359,0.93249,0.94622,0.91419,0.91648,0.91419,0.92449,0.88902,0.93593,0.94279
0.70252,0.67391,0.65675,0.67162,0.64188,0.6762,0.65904,0.70252,0.71625,0.79062,0.754,0.72998,0.81808,0.83638,0.79291,0.81236,0.86156,0.85812,0.87643,0.83638,0.86384,0.86384,0.83524,0.87529,0.86613,0.87529,0.90275,0.88215,0.91991,0.90847,0.91304,0.90961,0.90275,0.90389,0.91304,0.92792,0.90732,0.9119,0.9222,0.88673,0.91762,0.92105,0.92906,0.93135,0.91648,0.92792,0.92105,0.91991,0.9405
0.71053,0.67048,0.67048,0.68421,0.64302,0.69336,0.69336,0.67735,0.70252,0.79519,0.81236,0.7643,0.77689,0.83638,0.8341,0.83181,0.85698,0.84439,0.81922,0.82265,0.86384,0.89359,0.89703,0.8627,0.89474,0.88787,0.89588,0.88673,0.88902,0.90732,0.90275,0.90618,0.93021,0.93249,0.87872,0.90503,0.93478,0.91304,0.90961,0.89588,0.91876,0.9222,0.91304,0.94394,0.93936,0.89931,0.91648,0.95881,0.94737
0.70938,0.67391,0.66247,0.70481,0.63501,0.6968,0.7151,0.71167,0.70938,0.78146,0.75629,0.75858,0.78604,0.7849,0.82037,0.8341,0.82494,0.81808,0.8341,0.83295,0.86041,0.86728,0.88444,0.86499,0.87071,0.8833,0.9016,0.88558,0.88787,0.90275,0.88444,0.9222,0.86957,0.91762,0.91876,0.90732,0.90046,0.90847,0.91419,0.91876,0.93364,0.90618,0.9222,0.94279,0.90389,0.92563,0.94165,0.92792,0.92792
0.70137,0.67162,0.67048,0.6762,0.64416,0.69222,0.6968,0.69222,0.70366,0.74371,0.76201,0.74027,0.75973,0.80778,0.82494,0.81121,0.86613,0.84439,0.83753,0.87071,0.8627,0.89931,0.90503,0.89703,0.88673,0.88787,0.87872,0.9016,0.86728,0.86842,0.89245,0.89245,0.89703,0.89474,0.89474,0.91648,0.93021,0.90961,0.92677,0.90618,0.92906,0.93364,0.91991,0.9508,0.92334,0.90961,0.93593,0.91304,0.92334
0.69908,0.66934,0.68879,0.65103,0.68879,0.68535,0.68535,0.62357,0.74828,0.76888,0.7643,0.74714,0.81579,0.8032,0.82838,0.83982,0.83066,0.79291,0.81693,0.8524,0.84668,0.86499,0.86957,0.8833,0.86728,0.89588,0.86957,0.87986,0.8913,0.87986,0.89359,0.87757,0.89931,0.92563,0.91304,0.90046,0.94394,0.91419,0.90046,0.90046,0.91648,0.9222,0.90618,0.91419,0.9508,0.91419,0.91304,0.93707,0.92334
0.70137,0.67849,0.72654,0.66247,0.64416,0.67506,0.69108,0.71968,0.70481,0.7643,0.72426,0.77918,0.84554,0.82952,0.79291,0.85355,0.86957,0.81236,0.84439,0.87185,0.82723,0.85698,0.86842,0.87757,0.873,0.88787,0.88673,0.89931,0.89817,0.87071,0.91762,0.87414,0.9222,0.90389,0.9119,0.88673,0.90275,0.92449,0.92105,0.89931,0.91076,0.92334,0.95195,0.92677,0.92792,0.90961,0.90503,0.93593,0.91648
0.71053,0.66819,0.72311,0.66819,0.68192,0.67735,0.71053,0.70252,0.73684,0.83524,0.75744,0.77231,0.76201,0.78375,0.83753,0.81579,0.85469,0.82723,0.83867,0.83982,0.84554,0.8833,0.82723,0.87071,0.84783,0.8833,0.91419,0.89474,0.87071,0.9119,0.92906,0.86156,0.86613,0.90275,0.93478,0.91876,0.90389,0.93135,0.92105,0.90732,0.90389,0.93249,0.93364,0.94279,0.90389,0.92906,0.9508,0.92792,0.94165
0.70481,0.67277,0.68764,0.67963,0.63959,0.70481,0.70481,0.70595,0.746,0.74828,0.73112,0.76659,0.78375,0.81007,0.85927,0.8238,0.85812,0.87986,0.83867,0.87071,0.88215,0.83867,0.8627,0.89016,0.85011,0.87872,0.87529,0.88673,0.91304,0.90503,0.88902,0.90046,0.91762,0.90847,0.91991,0.93249,0.91304,0.92677,0.89359,0.90961,0.91762,0.91762,0.90389,0.91876,0.92792,0.92792,0.93021,0.93936,0.93936
0.70938,0.67506,0.68879,0.66819,0.67849,0.73112,0.6762,0.70824,0.71625,0.77231,0.76659,0.78032,0.81121,0.79977,0.84096,0.78261,0.82037,0.83295,0.87529,0.8341,0.85698,0.87185,0.86499,0.87757,0.87986,0.85698,0.88215,0.8833,0.88101,0.87643,0.8833,0.91533,0.90732,0.91762,0.90732,0.93707,0.9405,0.91991,0.92563,0.91076,0.92906,0.91304,0.91533,0.92563,0.91762,0.93249,0.93021,0.92449,0.94622
0.70481,0.67506,0.66819,0.65561,0.64073,0.70709,0.67506,0.68993,0.75744,0.74371,0.74714,0.76201,0.79634,0.81922,0.84096,0.83181,0.8341,0.82494,0.83295,0.85469,0.87414,0.84096,0.88101,0.86499,0.85126,0.90275,0.8913,0.83753,0.91876,0.89817,0.873,0.87185,0.91762,0.90503,0.89703,0.90503,0.89588,0.91991,0.92563,0.92677,0.91419,0.93707,0.92792,0.91533,0.91648,0.89588,0.93249,0.92792,0.93936
0.70709,0.6762,0.71625,0.68192,0.67849,0.62586,0.7254,0.70252,0.71167,0.754,0.71396,0.73684,0.80892,0.80435,0.82037,0.81922,0.85126,0.85355,0.82494,0.84096,0.89817,0.84554,0.85469,0.86499,0.8833,0.86842,0.88673,0.90275,0.8627,0.88558,0.88101,0.8913,0.92449,0.92105,0.93593,0.90275,0.90732,0.9016,0.9222,0.9405,0.94165,0.92563,0.90847,0.92677,0.9508,0.9222,0.90389,0.91648,0.93249
0.70481,0.67048,0.68535,0.68078,0.6373,0.68764,0.70023,0.68993,0.70023,0.75973,0.77231,0.81121,0.77918,0.86613,0.85126,0.84783,0.83638,0.8341,0.87872,0.84096,0.84325,0.86499,0.8627,0.86156,0.88902,0.89245,0.87071,0.89016,0.90275,0.88673,0.91876,0.91876,0.89931,0.91762,0.94394,0.92563,0.91419,0.91876,0.93135,0.90389,0.9222,0.91533,0.93249,0.94165,0.92792,0.91648,0.92105,0.91076,0.90618
0.70481,0.67506,0.6865,0.7357,0.63616,0.67277,0.68879,0.68192,0.77918,0.75629,0.72311,0.76545,0.79062,0.76659,0.86156,0.81922,0.85584,0.84554,0.86957,0.85927,0.84554,0.83867,0.86384,0.87872,0.86728,0.86613,0.88101,0.87071,0.89016,0.86842,0.92792,0.90275,0.89817,0.89817,0.91419,0.89931,0.91419,0.91533,0.9119,0.93021,0.93478,0.92334,0.93135,0.92334,0.93249,0.92105,0.92677,0.90732,0.93249
0.70709,0.67277,0.67963,0.67162,0.6659,0.66819,0.71854,0.70252,0.74485,0.71396,0.74828,0.75629,0.81236,0.8524,0.81236,0.79291,0.8524,0.8627,0.82838,0.81579,0.87529,0.83181,0.87185,0.86842,0.87185,0.86842,0.86499,0.88673,0.89359,0.89588,0.90503,0.89016,0.93707,0.90732,0.90503,0.90618,0.91419,0.89359,0.89817,0.90618,0.91419,0.91648,0.92334,0.91419,0.92563,0.93936,0.92792,0.90046,0.92563
0.70938,0.67277,0.6762,0.65675,0.65103,0.62357,0.68764,0.68192,0.68307,0.77002,0.77231,0.77689,0.81808,0.78032,0.82723,0.80435,0.83181,0.86041,0.88444,0.87872,0.86957,0.83295,0.8833,0.86041,0.89931,0.86842,0.89817,0.91762,0.87757,0.89817,0.89474,0.90961,0.90275,0.89359,0.89931,0.92449,0.91533,0.92677,0.9222,0.92334,0.90389,0.92105,0.93021,0.94622,0.94622,0.95538,0.89817,0.93364,0.93822
0.70137,0.66476,0.6762,0.66819,0.64645,0.6659,0.72082,0.73455,0.70366,0.74714,0.72769,0.77231,0.80549,0.81693,0.81465,0.85469,0.82609,0.83181,0.85126,0.80435,0.85812,0.84554,0.83066,0.88673,0.86613,0.90389,0.88787,0.8833,0.88101,0.88215,0.9405,0.9119,0.90046,0.87414,0.89817,0.9016,0.9016,0.90961,0.9119,0.90503,0.90618,0.92677,0.91991,0.89817,0.92334,0.92677,0.94394,0.93478,0.94279
0.70481,0.67048,0.71281,0.72082,0.64645,0.65561,0.71167,0.74142,0.76087,0.75973,0.74714,0.72883,0.78833,0.79519,0.84096,0.83181,0.83638,0.81236,0.87872,0.85584,0.86613,0.88215,0.84211,0.87071,0.84783,0.88673,0.90961,0.91419,0.8913,0.873,0.87986,0.87414,0.91304,0.90275,0.91876,0.91076,0.9119,0.92792,0.92105,0.92105,0.93364,0.9222,0.94279,0.92563,0.94851,0.9222,0.91533,0.91762,0.93364
0.70938,0.67391,0.67391,0.68535,0.64416,0.66133,0.68879,0.77002,0.74027,0.72426,0.72998,0.76201,0.7849,0.78719,0.81693,0.85812,0.86384,0.85927,0.86957,0.84668,0.84325,0.89016,0.85584,0.87757,0.88101,0.85698,0.85698,0.88101,0.89245,0.89359,0.88673,0.9222,0.90847,0.91304,0.89245,0.92334,0.91419,0.9016,0.90046,0.92449,0.91419,0.91419,0.89817,0.92334,0.91533,0.93593,0.91876,0.91876,0.93135
0.70824,0.66934,0.67391,0.69108,0.64989,0.67506,0.70824,0.69451,0.71968,0.82952,0.74027,0.76316,0.80549,0.83524,0.82609,0.80435,0.88215,0.83066,0.85355,0.82723,0.86613,0.85812,0.85698,0.87071,0.92105,0.8913,0.87071,0.89016,0.90503,0.91648,0.86384,0.93593,0.88787,0.88444,0.92792,0.91304,0.92677,0.87986,0.93021,0.93364,0.92563,0.92105,0.92563,0.92677,0.92105,0.91648,0.91648,0.94508,0.93936
0.71053,0.66819,0.67277,0.69336,0.64989,0.69794,0.72883,0.70252,0.70938,0.77346,0.74485,0.80092,0.76659,0.80206,0.78719,0.83181,0.86384,0.8627,0.81808,0.85927,0.87071,0.86957,0.86041,0.89245,0.9016,0.8833,0.88101,0.89359,0.89817,0.88558,0.88215,0.90618,0.90275,0.90961,0.89931,0.9016,0.92792,0.90503,0.90961,0.91991,0.91648,0.91076,0.91991,0.93936,0.93364,0.9222,0.9405,0.94165,0.93822
0.70709,0.66476,0.67391,0.66133,0.64531,0.66705,0.70137,0.68879,0.66934,0.7357,0.71053,0.73799,0.81922,0.81808,0.8238,0.78833,0.86957,0.80549,0.83181,0.8524,0.86041,0.81007,0.86728,0.85584,0.85927,0.89016,0.87643,0.89588,0.8913,0.88902,0.88101,0.91419,0.90847,0.88902,0.91648,0.90847,0.9222,0.91648,0.93249,0.91076,0.91876,0.93822,0.92677,0.93021,0.94508,0.89359,0.94394,0.93249,0.92677
0.70481,0.67162,0.67162,0.65789,0.63616,0.66362,0.70709,0.72883,0.74714,0.75515,0.75057,0.78604,0.72769,0.82151,0.8524,0.8341,0.83753,0.85812,0.81121,0.82151,0.8627,0.87414,0.86728,0.88101,0.88444,0.89016,0.85126,0.89016,0.90046,0.88215,0.87529,0.9016,0.91762,0.90847,0.90732,0.89588,0.94737,0.90275,0.91648,0.91991,0.89931,0.92792,0.93936,0.91762,0.9405,0.9119,0.91991,0.92449,0.91648
0.70824,0.67391,0.67162,0.69222,0.66705,0.63272,0.72998,0.72426,0.69908,0.78947,0.754,0.75858,0.84897,0.80206,0.83066,0.8238,0.85355,0.82494,0.85698,0.86499,0.85011,0.86384,0.84897,0.88558,0.88101,0.89016,0.8913,0.89703,0.87071,0.89817,0.90046,0.88673,0.9222,0.91762,0.89817,0.91304,0.8833,0.92105,0.8913,0.92563,0.91419,0.92677,0.93478,0.91762,0.92563,0.93936,0.92105,0.93249,0.91076
0.70252,0.66819,0.67162,0.66819,0.63501,0.66476,0.72197,0.68764,0.72883,0.73341,0.73112,0.77803,0.76087,0.82037,0.84439,0.83295,0.85584,0.84325,0.85011,0.85698,0.87986,0.82723,0.82265,0.89588,0.90732,0.88787,0.86613,0.88902,0.90618,0.90389,0.88673,0.90389,0.92792,0.90275,0.90275,0.93707,0.89474,0.90275,0.92677,0.92105,0.91419,0.94279,0.9119,0.92334,0.90732,0.9405,0.93249,0.92906,0.9405
0.70709,0.6659,0.67048,0.70824,0.62014,0.65675,0.7151,0.71739,0.68078,0.73227,0.75172,0.79519,0.79634,0.83524,0.84096,0.81693,0.85812,0.86728,0.83982,0.84096,0.85584,0.88101,0.85011,0.90046,0.85584,0.88215,0.90046,0.873,0.87414,0.89359,0.873,0.91419,0.88558,0.8913,0.90389,0.88558,0.92105,0.90618,0.89359,0.92105,0.89703,0.91419,0.92449,0.91419,0.94737,0.91876,0.92792,0.94737,0.93593
0.70938,0.6762,0.70824,0.65904,0.64989,0.66018,0.69908,0.65103,0.69794,0.75286,0.77231,0.77803,0.79291,0.79977,0.79748,0.76888,0.85927,0.81693,0.82494,0.84897,0.84668,0.85698,0.83982,0.86156,0.87986,0.89245,0.89359,0.87643,0.88215,0.87643,0.8913,0.88673,0.87872,0.91762,0.91762,0.90732,0.89359,0.90389,0.90847,0.93593,0.92677,0.93707,0.92677,0.93135,0.94394,0.92677,0.92792,0.94394,0.90847
0.70137,0.66819,0.71167,0.65904,0.63272,0.62357,0.71739,0.72197,0.69794,0.74943,0.72426,0.81236,0.8032,0.78947,0.84211,0.82037,0.82723,0.85469,0.83066,0.82609,0.87185,0.88101,0.88902,0.87872,0.87872,0.88673,0.88101,0.89588,0.91648,0.89588,0.9016,0.87643,0.9016,0.91533,0.87986,0.9119,0.93593,0.93593,0.90847,0.91076,0.91076,0.9222,0.92105,0.92906,0.90847,0.9016,0.92792,0.92906,0.92906
0.70595,0.67048,0.67277,0.64874,0.64874,0.63844,0.7357,0.69108,0.72311,0.75172,0.76659,0.79176,0.77117,0.7849,0.84897,0.80549,0.8135,0.81922,0.8238,0.83638,0.83181,0.83524,0.82151,0.87986,0.87529,0.89474,0.90732,0.90503,0.89931,0.87757,0.90046,0.9119,0.89931,0.90275,0.9016,0.90046,0.93249,0.91762,0.9119,0.91533,0.90389,0.91991,0.93822,0.90961,0.92792,0.92105,0.94165,0.93021,0.94737
0.71053,0.68535,0.67048,0.65904,0.63158,0.63501,0.73684,0.77117,0.69108,0.74485,0.74256,0.77346,0.80206,0.83753,0.81808,0.82723,0.81808,0.85927,0.83753,0.86156,0.89474,0.86041,0.8913,0.85698,0.84325,0.86728,0.89931,0.88215,0.91304,0.89016,0.87986,0.89817,0.88787,0.89359,0.92334,0.89016,0.92677,0.92677,0.91762,0.92563,0.91991,0.91991,0.94165,0.90732,0.92105,0.93478,0.9405,0.92792,0.93249
0.70938,0.67162,0.67048,0.65446,0.63387,0.63387,0.72082,0.72883,0.70481,0.73455,0.81465,0.78032,0.80892,0.81007,0.80549,0.8135,0.85812,0.86728,0.88787,0.83638,0.85126,0.86613,0.8524,0.86613,0.85355,0.86499,0.87071,0.8833,0.90847,0.91076,0.89817,0.91876,0.93822,0.91762,0.87414,0.89245,0.91304,0.90275,0.91304,0.91876,0.91076,0.91304,0.9119,0.92449,0.90618,0.93707,0.94394,0.93822,0.91533
0.70481,0.67277,0.66819,0.66476,0.64416,0.64416,0.65904,0.71396,0.71053,0.77117,0.71396,0.78375,0.78719,0.85011,0.81922,0.83181,0.81808,0.79405,0.80549,0.8341,0.85927,0.86613,0.8627,0.89588,0.88902,0.89931,0.89931,0.91991,0.89474,0.90389,0.89016,0.91076,0.89703,0.89588,0.90961,0.90618,0.92677,0.93364,0.91876,0.93249,0.90847,0.93021,0.93936,0.92792,0.92105,0.91876,0.95195,0.91876,0.91304
0.70595,0.67735,0.66934,0.68078,0.66934,0.64302,0.72082,0.66819,0.70481,0.7254,0.73684,0.75172,0.78032,0.7849,0.84211,0.83066,0.81693,0.82723,0.84897,0.86499,0.86499,0.87643,0.8524,0.84554,0.85126,0.89359,0.85355,0.8833,0.89931,0.87414,0.90961,0.92449,0.90732,0.92677,0.87986,0.90961,0.90732,0.89817,0.91762,0.92449,0.93593,0.91876,0.93135,0.93021,0.90961,0.91648,0.93707,0.93135,0.9016
0.70709,0.67506,0.67277,0.66934,0.64531,0.63616,0.69108,0.68421,0.73341,0.81808,0.78375,0.80664,0.82037,0.82151,0.87185,0.81465,0.86728,0.86957,0.83867,0.84096,0.86499,0.83753,0.88558,0.87071,0.8913,0.86499,0.89931,0.89588,0.86957,0.91648,0.89931,0.88673,0.89817,0.89588,0.89359,0.89588,0.8913,0.90503,0.9119,0.91419,0.89245,0.92906,0.93707,0.94165,0.93135,0.92677,0.95423,0.93593,0.9222
0.71053,0.67048,0.6659,0.61785,0.65446,0.68192,0.72082,0.71739,0.67277,0.77117,0.69908,0.77231,0.82037,0.74142,0.86957,0.81808,0.80892,0.87071,0.84668,0.83295,0.87529,0.87757,0.87414,0.85927,0.88787,0.88673,0.88444,0.89703,0.89359,0.92449,0.87529,0.89588,0.89016,0.92563,0.91304,0.93249,0.9222,0.90847,0.88558,0.88673,0.92105,0.92563,0.92105,0.94966,0.92792,0.92792,0.93478,0.95423,0.91648
0.70709,0.68535,0.70366,0.64874,0.65217,0.68421,0.7151,0.72654,0.6762,0.74828,0.746,0.80664,0.81922,0.79748,0.80549,0.79062,0.8341,0.80549,0.83867,0.87529,0.84096,0.88101,0.82037,0.88558,0.85355,0.85355,0.89817,0.86613,0.89245,0.90389,0.91876,0.88902,0.92449,0.92334,0.9222,0.90389,0.90732,0.91533,0.92563,0.91876,0.91876,0.94165,0.93822,0.94165,0.91304,0.91304,0.92105,0.92792,0.91076
0.70824,0.66362,0.67162,0.65789,0.68993,0.67048,0.7254,0.71625,0.74142,0.75858,0.79977,0.72082,0.79062,0.80435,0.82609,0.80664,0.8032,0.85927,0.85584,0.85698,0.85927,0.84325,0.84554,0.87185,0.87643,0.87986,0.88444,0.87757,0.90275,0.8833,0.90732,0.91419,0.90961,0.91419,0.91762,0.9119,0.91991,0.91419,0.90847,0.88558,0.91648,0.93021,0.92105,0.92105,0.91991,0.90961,0.92105,0.94508,0.92906
0.71167,0.66934,0.71281,0.67277,0.67963,0.6968,0.73799,0.72426,0.71739,0.79519,0.74027,0.78604,0.79748,0.78604,0.78146,0.80435,0.85698,0.8238,0.82838,0.8238,0.84211,0.8627,0.86842,0.87071,0.82494,0.86041,0.9016,0.88101,0.87414,0.873,0.89588,0.87986,0.88101,0.90046,0.91876,0.91876,0.93021,0.92105,0.91304,0.90618,0.90503,0.93936,0.90847,0.93822,0.94737,0.92334,0.94279,0.91648,0.93822
0.70709,0.67963,0.67048,0.65561,0.67162,0.70824,0.72197,0.73799,0.73913,0.78032,0.73227,0.74027,0.77117,0.81121,0.81693,0.8135,0.85011,0.79748,0.83867,0.85355,0.84554,0.87529,0.87757,0.88215,0.88444,0.87529,0.90961,0.873,0.88787,0.873,0.87757,0.90503,0.88673,0.88787,0.90389,0.93478,0.9222,0.90732,0.9222,0.92792,0.93707,0.92563,0.92563,0.93135,0.93249,0.91876,0.93936,0.93707,0.92677
0.69222,0.68192,0.67162,0.70137,0.67735,0.70252,0.70023,0.66934,0.73455,0.78032,0.78947,0.78833,0.79062,0.81236,0.82952,0.81579,0.85355,0.82723,0.8524,0.82952,0.87986,0.84783,0.86957,0.88558,0.88215,0.87414,0.88902,0.89359,0.88902,0.873,0.87414,0.89245,0.94508,0.91304,0.90389,0.90618,0.90389,0.92334,0.91991,0.93822,0.90732,0.90732,0.91419,0.94508,0.91419,0.91076,0.93135,0.93021,0.93249
0.70938,0.67735,0.67162,0.65446,0.63959,0.71968,0.69108,0.74142,0.70023,0.74371,0.71167,0.83638,0.78032,0.82838,0.84325,0.81693,0.83066,0.83638,0.82494,0.84554,0.83867,0.87986,0.86842,0.89474,0.85355,0.89245,0.86384,0.87071,0.86957,0.89016,0.93021,0.93249,0.9016,0.89474,0.90732,0.92792,0.91876,0.9016,0.93364,0.89703,0.93021,0.92792,0.90503,0.92906,0.92105,0.92792,0.89931,0.91419,0.92906
0.70709,0.68192,0.67162,0.60412,0.68078,0.70824,0.75057,0.69794,0.73913,0.76545,0.72654,0.79062,0.81693,0.76773,0.82494,0.79748,0.8032,0.85698,0.85355,0.83982,0.89245,0.83181,0.84554,0.88444,0.88787,0.86957,0.85812,0.89931,0.87185,0.88101,0.88902,0.93364,0.9119,0.90732,0.90046,0.90503,0.95423,0.92677,0.91076,0.89016,0.93364,0.89931,0.9222,0.94966,0.93936,0.91991,0.92449,0.93593,0.94622
0.69794,0.66934,0.67162,0.67048,0.6968,0.72769,0.75744,0.71968,0.72998,0.78032,0.76659,0.79291,0.80206,0.80206,0.82952,0.85584,0.82609,0.83066,0.84897,0.87071,0.83867,0.87986,0.86499,0.83982,0.86842,0.89588,0.89703,0.89245,0.85355,0.8627,0.87986,0.90503,0.94165,0.90275,0.89016,0.90275,0.91648,0.91076,0.87986,0.90389,0.92105,0.92563,0.93249,0.9405,0.9222,0.92334,0.93936,0.91533,0.91533
